#YY  MM DD hh mm WDIR WSPD GST  WVHT   DPD   APD MWD   PRES  ATMP  WTMP  DEWP  VIS PTDY  TIDE
#yr  mo dy hr mn degT m/s  m/s     m   sec   sec degT   hPa  degC  degC  degC  nmi  hPa    ft
2017 06 02 04 50 200  5.0  6.0   1.0    12   5.5  29 1017.6  25.4  25.7    MM   MM -0.9    MM
2017 06 02 03 50 200  5.0  5.0   1.0     8   5.7 121 1018.1  25.4  25.7    MM   MM +0.0    MM
2017 06 02 02 50 190  5.0  6.0   1.0    12   5.7  22 1018.6  25.4  25.7    MM   MM +0.7    MM
2017 06 02 01 50 210  4.0  5.0   1.0    12   5.8  25 1018.5  25.5  25.8    MM   MM +0.6    MM
2017 06 02 00 50 190  3.0  4.0   1.0    11   5.4  71 1018.2  25.4  25.8    MM   MM +0.3    MM
2017 06 01 23 50 200  3.0  4.0   1.0     5   5.2 168 1017.9  25.4  25.8    MM   MM +0.0    MM
2017 06 01 22 50 200  4.0  4.0   1.0     8   5.4 104 1017.9  25.5  25.8    MM   MM -0.7    MM
2017 06 01 21 50 220  4.0  4.0   1.1    11   5.4  31 1017.9  25.6  25.8    MM   MM -0.8    MM
2017 06 01 20 50 220  5.0  6.0   1.1    11   5.3  24 1018.1  25.6  25.8    MM   MM -0.8    MM
2017 06 01 19 50 240  1.0  2.0   0.9    11   5.5  15 1018.6  24.5  25.7    MM   MM -1.1    MM
2017 06 01 18 50 130  1.0  2.0   1.1    10   5.6   9 1018.7  23.1  25.8    MM   MM -1.2    MM
2017 06 01 17 50 200  9.0 12.0   1.2    11   5.4  59 1018.9  24.5  25.8    MM   MM -1.2    MM
2017 06 01 16 50 200  6.0  8.0   1.1    11   5.3  40 1019.7  25.5  25.8    MM   MM +0.0    MM
2017 06 01 15 50 200  7.0  8.0   1.1    12   5.3  67 1019.9  25.5  25.7    MM   MM -0.3    MM
2017 06 01 14 50 200  6.0  7.0   1.1    10   5.3  18 1020.1  25.3  25.5    MM   MM +0.0    MM
2017 06 01 13 50 190  7.0  8.0   1.0    11   5.1  87 1019.9  25.2  25.4    MM   MM +0.0    MM
2017 06 01 12 50 190  6.0  7.0   1.0    11   5.1  46 1020.2  25.2  25.3    MM   MM +0.7    MM
2017 06 01 11 50 200  6.0  8.0   1.1    13   5.1  80 1020.3  25.2  25.4    MM   MM +1.2    MM
2017 06 01 10 50 210  6.0  7.0   1.0    10   5.0  39 1020.1  25.2  25.4    MM   MM +0.6    MM
2017 06 01 09 50 200  6.0  7.0   1.0    11   5.0  19 1019.5  25.2  25.4    MM   MM -0.4    MM
2017 06 01 08 50 200  6.0  7.0   0.9    10   4.9  18 1019.1  25.3  25.6    MM   MM -0.9    MM
2017 06 01 07 50 210  6.0  8.0   0.9    12   4.6  73 1019.5  25.3  25.7    MM   MM -0.4    MM
2017 06 01 06 50 200  6.0  7.0   0.9    12   4.9  78 1019.9  25.4  25.7    MM   MM -0.3    MM
2017 06 01 05 50 200  7.0  8.0   0.9     8   4.7  31 1020.0  25.4  25.7    MM   MM -0.6    MM
2017 06 01 04 50 200  7.0  9.0   0.9    13   4.7 131 1019.9  25.5  25.8    MM   MM +0.0    MM
2017 06 01 03 50 200  7.0  8.0   0.8    13   4.7 112 1020.2  25.5  25.8    MM   MM +0.0    MM
2017 06 01 02 50 200  6.0  7.0   0.8    12   5.1  99 1020.6  25.5  25.8    MM   MM +0.9    MM
2017 06 01 01 50 200  6.0  7.0   0.8     9   5.2  25 1020.0  25.6  25.8    MM   MM +0.0    MM
2017 06 01 00 50 180  6.0  7.0   0.8     9   5.7  12 1020.0  25.5  25.8    MM   MM +0.3    MM
2017 05 31 23 50 190  5.0  6.0   1.0     9   5.8  23 1019.7  25.6  25.9    MM   MM -0.4    MM
2017 05 31 22 50 170  3.0  4.0   0.9     9   5.5  23 1019.8  25.5  25.9    MM   MM -0.3    MM
2017 05 31 21 50 140  2.0  3.0   0.9     9   5.8  26 1019.7  25.4  26.0    MM   MM -0.9    MM
2017 05 31 20 50 140  2.0  3.0   1.0     9   5.7  31 1020.1  25.2  25.8    MM   MM -0.8    MM
2017 05 31 19 50 110  3.0  4.0   1.1     8   5.8  89 1020.1  24.9  25.7    MM   MM -0.8    MM
2017 05 31 18 50 360  3.0  4.0   1.0     9   5.6  54 1020.6  24.7  25.5    MM   MM -0.8    MM
2017 05 31 17 50 340  5.0  7.0   1.0     9   5.3  54 1020.9  24.6  25.5    MM   MM -0.8    MM
2017 05 31 16 50 220  6.0  6.0   1.0    10   5.1  16 1020.9  25.6  25.6    MM   MM -0.6    MM
2017 05 31 15 50 230  6.0  7.0   1.0     9   4.8  26 1021.4  25.5  25.7    MM   MM +0.6    MM
2017 05 31 14 50 230  6.0  7.0   0.9     5   4.6 182 1021.7  25.5  25.7    MM   MM +1.6    MM
2017 05 31 13 50 220  6.0  6.0   1.0     5   4.5 203 1021.5  25.5  25.7    MM   MM +1.6    MM
2017 05 31 12 50 210  6.0  7.0   0.9     5   4.5 191 1020.8  25.5  25.8    MM   MM +1.4    MM
2017 05 31 11 50 210  7.0  8.0   1.0     5   4.4 186 1020.1  25.4  25.8    MM   MM +0.5    MM
2017 05 31 10 50 210  7.0  8.0   1.0     5   4.5 186 1019.9  25.3  25.8    MM   MM +0.3    MM
2017 05 31 09 50 200  7.0  8.0   0.9     5   4.5 180 1019.4  25.3  25.8    MM   MM   MM    MM
2017 05 31 08 50 210  7.0  8.0   0.9     5   4.5 208 1019.6  25.4  25.8    MM   MM   MM    MM
2017 05 31 07 50 200  7.0  8.0   0.9     4   4.3 201 1019.6  25.4  25.9    MM   MM   MM    MM
2017 05 30 04 50 210  5.0  5.0   0.9     6   5.1 231 1018.4  25.2  25.5    MM   MM +0.0    MM
2017 05 30 03 50 240  4.0  5.0   0.9     5   4.9 214 1018.7  25.2  25.5    MM   MM +0.9    MM
2017 05 30 02 50 230  3.0  4.0   0.9     6   4.9 228 1018.8  25.3  25.5    MM   MM +1.6    MM
2017 05 30 01 50 240  3.0  4.0   0.9     6   4.7 203 1018.3  25.3  25.4    MM   MM +1.4    MM
2017 05 30 00 50 250  4.0  5.0   0.9     6   4.7 229 1017.8  25.4  25.4    MM   MM +1.3    MM
2017 05 29 23 50 230  5.0  6.0   1.0     5   4.6 202 1017.2  25.4  25.3    MM   MM +0.7    MM
2017 05 29 22 50 230  6.0  6.0   1.0     6   4.5 221 1016.9  25.6  25.2    MM   MM -0.0    MM
2017 05 29 21 50 230  6.0  7.0   1.0     6   4.6 231 1016.5  25.6  25.1    MM   MM +0.0    MM
2017 05 29 20 50 230  6.0  7.0   1.0     5   4.5 227 1016.5  25.6  25.0    MM   MM -0.3    MM
2017 05 29 19 50 230  7.0  8.0   1.0     5   4.3 231 1016.7  25.6  25.0    MM   MM +0.0    MM
2017 05 29 18 50 230  7.0  8.0   1.0     5   4.3 236 1016.7  25.5  25.0    MM   MM +0.3    MM
2017 05 29 17 50 220  8.0  9.0   1.0     5   4.3 216 1016.8  25.5  25.0    MM   MM +0.8    MM
2017 05 29 16 50 220  7.0  8.0   1.0     5   4.3 234 1016.6  25.3  24.9    MM   MM +0.8    MM
2017 05 29 15 50 220  7.0  8.0   1.0     5   4.4 227 1016.4  25.3  24.8    MM   MM +0.8    MM
2017 05 29 14 50 230  7.0  9.0   1.1     5   4.3 234 1016.0  25.2  24.7    MM   MM +0.8    MM
2017 05 29 13 50 230  7.0  8.0   1.1     5   4.2 220 1015.8  25.1  24.7    MM   MM +1.1    MM
2017 05 29 12 50 230  7.0  8.0   1.0     5   4.3 232 1015.6  24.9  24.6    MM   MM +1.4    MM
2017 05 29 11 50 230  7.0  9.0   1.1     6   4.2 263 1015.2  24.8  24.6    MM   MM +1.6    MM
2017 05 29 10 50 220  8.0 10.0   1.1     5   4.3 228 1014.7  24.8  24.7    MM   MM +1.7    MM
2017 05 29 09 50 220  8.0  9.0   1.1     6   4.3 247 1014.2  24.8  24.8    MM   MM +0.6    MM
2017 05 29 08 50 220  8.0  9.0   1.1     6   4.5 263 1013.6  24.7  24.9    MM   MM -0.7    MM
2017 05 29 07 50 200  8.0  9.0   1.1     6   4.6 253 1013.0  24.7  25.0    MM   MM -2.2    MM
2017 05 29 06 50 200  6.0  7.0   1.1     6   4.7 247 1013.6  24.8  25.0    MM   MM -1.1    MM
2017 05 29 05 50 210  6.0  8.0   1.2     6   4.7 253 1014.3  24.9  25.0    MM   MM -0.3    MM
2017 05 29 04 50 240  7.0  8.0   1.1     6   4.7 244 1015.2  24.9  25.0    MM   MM +1.0    MM
2017 05 29 03 50 210  6.0  8.0   1.0     7   4.7 240 1014.7  24.9  25.0    MM   MM +0.5    MM
2017 05 29 02 50 210  7.0  8.0   1.1     6   4.9 246 1014.6  25.0  25.0    MM   MM -0.0    MM
2017 05 29 01 50 200  7.0  8.0   1.2     6   4.9 253 1014.2  24.8  25.0    MM   MM -0.4    MM
2017 05 29 00 50 210  7.0  8.0   1.1     7   4.8 261 1014.2  24.8  25.0    MM   MM +0.0    MM
2017 05 28 23 50 210  6.0  7.0   1.1     6   4.7 232 1014.6  24.9  25.0    MM   MM +0.0    MM
2017 05 28 22 50 210  7.0  8.0   1.0     6   4.5 243 1014.6  25.0  25.1    MM   MM -1.0    MM
2017 05 28 21 50 210  7.0  8.0   1.2     5   4.6 231 1014.3  25.1  25.1    MM   MM -1.9    MM
2017 05 28 20 50 200  7.0  8.0   1.1     5   4.5 239 1014.5  25.1  25.2    MM   MM -1.8    MM
2017 05 28 19 50 220  6.0  7.0   1.2     5   4.5 240 1015.6  25.1  25.2    MM   MM -1.0    MM
2017 05 28 18 50 240  6.0  7.0   1.2     5   4.4 254 1016.2  25.1  25.1    MM   MM +0.3    MM
2017 05 28 17 50 230  7.0  8.0   1.2     5   4.5 256 1016.3  25.0  25.1    MM   MM +1.3    MM
2017 05 28 16 50 250  7.0  9.0   1.2     5   4.3 255 1016.6  25.0  25.1    MM   MM +2.1    MM
2017 05 28 15 50 230  8.0 10.0   1.2     5   4.4 246 1015.9  24.9  25.0    MM   MM +1.1    MM
2017 05 28 14 50 230  9.0 11.0   1.1     4   4.3 249 1015.0  24.8  25.0    MM   MM +0.5    MM
2017 05 28 13 50 220  8.0  9.0   1.0     5   4.3 257 1014.5  24.7  24.9    MM   MM +0.4    MM
2017 05 28 12 50 230  7.0  9.0   1.0     5   4.4 262 1014.8  24.6  24.9    MM   MM +0.8    MM
2017 05 28 11 50 230  8.0  9.0   1.0     7   4.4 150 1014.5  24.5  24.9    MM   MM +0.5    MM
2017 05 28 10 50 230  7.0  8.0   0.9     7   4.4 159 1014.1  24.4  24.9    MM   MM +0.0    MM
2017 05 28 09 50 230  7.0  8.0   1.0     7   4.5 156 1014.0  24.4  24.9    MM   MM -0.6    MM
2017 05 28 08 50 230  7.0  8.0   0.9     7   4.4 141 1014.0  24.3  24.9    MM   MM -1.1    MM
2017 05 28 07 50 230  7.0  8.0   0.9     7   4.6 153 1014.2  24.4  24.9    MM   MM -1.5    MM
2017 05 28 06 50 240  6.0  7.0   0.9     7   4.7 146 1014.6  24.5  25.0    MM   MM -1.2    MM
2017 05 28 05 50 240  6.0  7.0   0.9     7   4.6 152 1015.1  24.5  25.0    MM   MM -0.8    MM
2017 05 28 04 50 230  6.0  7.0   0.9     7   4.7 139 1015.7  24.6  25.0    MM   MM +0.4    MM
2017 05 28 03 50 230  6.0  7.0   0.9     6   4.7 158 1015.8  24.6  25.0    MM   MM +0.3    MM
2017 05 28 02 50 230  7.0  8.0   0.9     7   4.8 141 1015.9  24.7  25.0    MM   MM -0.0    MM
2017 05 28 01 50 210  7.0  7.0   0.9     8   4.9 148 1015.3  24.7  25.1    MM   MM -0.8    MM
2017 05 28 00 50 220  6.0  7.0   0.9     7   4.9 153 1015.5  24.7  25.1    MM   MM -0.8    MM
2017 05 27 23 50 220  5.0  6.0   0.9     7   4.9 123 1015.8  24.7  25.1    MM   MM -0.3    MM
2017 05 27 22 50 230  6.0  7.0   0.9     7   4.7 144 1016.1  24.8  25.2    MM   MM +0.0    MM
2017 05 27 21 50 240  6.0  7.0   0.9     7   4.8 147 1016.3  24.8  25.3    MM   MM -0.5    MM
2017 05 27 20 50 240  6.0  7.0   0.9     7   4.7 153 1016.1  24.7  25.3    MM   MM -1.0    MM
2017 05 27 19 50 230  6.0  7.0   0.9     7   4.7 145 1016.1  24.6  25.3    MM   MM -1.1    MM
2017 05 27 18 50 240  6.0  6.0   0.9     7   4.7 146 1016.8  24.6  25.3    MM   MM -0.5    MM
2017 05 27 17 50 240  5.0  6.0   1.0     8   4.8 144 1017.1  24.5  25.3    MM   MM +0.0    MM
2017 05 27 16 50 240  5.0  6.0   1.0     7   4.9 163 1017.2  24.4  25.2    MM   MM +0.0    MM
2017 05 27 15 50 250  5.0  6.0   1.0     7   5.0 172 1017.3  24.3  25.1    MM   MM +0.0    MM
2017 05 27 14 50 260  5.0  6.0   1.1     7   5.0 155 1017.2  24.2  25.0    MM   MM +0.0    MM
2017 05 27 13 50 270  4.0  6.0   1.1     5   4.9 302 1017.4  24.2  24.9    MM   MM +0.4    MM
2017 05 27 12 50 270  5.0  6.0   1.1     6   5.0 205 1017.3  24.2  24.8    MM   MM +0.7    MM
2017 05 27 11 50 280  5.0  6.0   1.2     7   5.1 184 1017.1  24.2  24.8    MM   MM +1.1    MM
2017 05 27 10 50 270  4.0  6.0   1.2     6   5.1 298 1017.0  24.2  24.8    MM   MM +0.8    MM
2017 05 27 09 50 280  5.0  6.0   1.3     7   5.2 167 1016.6  24.1  24.8    MM   MM -0.0    MM
2017 05 27 08 50 270  5.0  6.0   1.3     6   5.1 262 1016.0  24.1  24.8    MM   MM -0.8    MM
2017 05 27 07 50 280  6.0  7.0   1.4     7   5.2 181 1016.2  24.3  24.8    MM   MM -0.8    MM
2017 05 27 06 50 260  6.0  7.0   1.2     6   5.1 255 1016.5  24.4  24.8    MM   MM +0.0    MM
2017 05 27 05 50 250  6.0  7.0   1.4     6   5.2 251 1016.8  24.5  24.8    MM   MM +0.0    MM
2017 05 27 04 50 270  6.0  8.0   1.4     7   5.2 206 1017.0  24.7  24.8    MM   MM +0.6    MM
2017 05 27 03 50 260  6.0  8.0   1.4     7   5.2 230 1016.7  24.8  24.9    MM   MM +0.7    MM
2017 05 27 02 50 260  7.0  8.0   1.4     7   5.2 197 1016.6  25.0  24.9    MM   MM +1.0    MM
2017 05 27 01 50 270  8.0  9.0   1.5     7   5.4 200 1016.4  25.1  24.9    MM   MM +1.1    MM
2017 05 27 00 50 250  6.0  8.0   1.5     7   5.6 183 1016.0  24.9  25.0    MM   MM +0.9    MM
2017 05 26 23 50 240  6.0  8.0   1.4     7   5.4 186 1015.6  25.0  25.0    MM   MM +0.4    MM
2017 05 26 22 50 250  6.0  7.0   1.5     7   5.4 204 1015.3  25.2  25.0    MM   MM +0.0    MM
2017 05 26 21 50 250  7.0  8.0   1.6     8   5.7 193 1015.1  25.2  25.1    MM   MM -0.7    MM
2017 05 26 20 50 260  5.0  7.0   1.7     7   5.8 215 1015.2  25.1  25.2    MM   MM -0.8    MM
2017 05 26 19 50 260  5.0  6.0   1.6     8   5.5 253 1015.3  24.8  25.1    MM   MM -0.9    MM
2017 05 26 18 50 270  5.0  6.0   1.7     8   5.5 208 1015.8  24.7  25.1    MM   MM -0.6    MM
2017 05 26 17 50 280  6.0  7.0   1.9     8   5.5 252 1016.0  24.7  25.0    MM   MM +0.0    MM
2017 05 26 16 50 280  6.0  8.0   1.9     8   5.5 261 1016.2  24.6  24.9    MM   MM +0.3    MM
2017 05 26 15 50 290  6.0  7.0   2.1     8   5.8 256 1016.4  24.6  24.8    MM   MM +0.9    MM
2017 05 26 14 50 290  7.0  8.0   2.2     8   5.8 275 1016.0  24.5  24.8    MM   MM +1.0    MM
2017 05 26 13 50 290  7.0  9.0   2.4     8   6.0 285 1015.9  24.6  24.7    MM   MM +1.3    MM
2017 05 26 12 50 290  7.0  9.0   2.4     8   5.9 271 1015.5  24.9  24.7    MM   MM +1.4    MM
2017 05 26 11 50 270  8.0 10.0   2.5     7   6.1 234 1015.0  25.0  24.7    MM   MM +1.5    MM
2017 05 26 10 50 270  9.0 10.0   2.5     9   6.1 285 1014.6  25.0  24.7    MM   MM +1.3    MM
2017 05 26 09 50 270  9.0 11.0   2.8     8   6.3 257 1014.1  24.8  24.7    MM   MM +1.0    MM
2017 05 26 08 50 270  9.0 11.0   2.6     8   6.2 256 1013.5  24.7  24.7    MM   MM +0.5    MM
2017 05 26 07 50 260 10.0 12.0   2.7     9   6.2 275 1013.3  24.6  24.7    MM   MM +0.3    MM
2017 05 26 06 50 270 10.0 12.0   2.7     9   6.3 269 1013.1  24.6  24.7    MM   MM +0.5    MM
2017 05 26 05 50 260 10.0 13.0   3.3     8   6.5 239 1013.0  24.5  24.7    MM   MM +1.4    MM
2017 05 26 04 50 250 11.0 13.0   3.0     9   6.5 263 1013.0  24.4  24.7    MM   MM +2.3    MM
2017 05 26 03 50 250 11.0 14.0   3.1     8   6.5 237 1012.6  24.5  24.8    MM   MM +2.6    MM
2017 05 26 02 50 250 12.0 15.0   3.0     8   6.5 213 1011.6  24.7  24.8    MM   MM +1.8    MM
2017 05 26 01 50 250 12.0 15.0   3.0     9   6.5 247 1010.7  24.8  24.8    MM   MM +1.2    MM
2017 05 26 00 50 250 11.0 15.0   3.0     8   6.5 200 1010.0  24.9  24.8    MM   MM +0.9    MM
2017 05 25 23 50 240 10.0 14.0   3.0     8   7.1 210 1009.8  25.0  24.8    MM   MM +1.0    MM
2017 05 25 22 50 220  9.0 11.0   2.6     8   6.6 192 1009.5  24.3  24.8    MM   MM +0.8    MM
2017 05 25 21 50 230  9.0 12.0   3.0     8   6.8 188 1009.1  23.9  24.8    MM   MM +0.3    MM
2017 05 25 20 50 220  9.0 10.0   3.3     8   6.9 183 1008.8  23.1  24.7    MM   MM +1.0    MM
2017 05 25 19 50 220 13.0 17.0   3.8     8   6.8 187 1008.7  22.4  24.7    MM   MM -0.0    MM
2017 05 25 18 50 200 13.0 17.0   3.4     8   6.5 183 1008.8  21.4  24.5    MM   MM -0.5    MM
2017 05 25 17 50 170 12.0 15.0   3.1     8   6.7 188 1007.8  25.0  24.6    MM   MM -1.5    MM
2017 05 25 16 50 180 11.0 14.0   3.0     8   6.4 179 1008.5  25.1  24.4    MM   MM -0.8    MM
2017 05 25 15 50 190 12.0 14.0   2.9     8   6.2 191 1009.3  25.0  24.5    MM   MM +0.7    MM
2017 05 25 14 50 190 12.0 14.0   3.1     8   6.2 184 1009.3  24.9  24.5    MM   MM +1.1    MM
2017 05 25 13 50 200 12.0 14.0   3.2     8   6.2 190 1009.3  24.8  24.5    MM   MM +1.4    MM
2017 05 25 12 50 200 12.0 15.0   2.9     7   5.9 185 1008.6  24.6  24.6    MM   MM +1.3    MM
2017 05 25 11 50 190 13.0 16.0   3.6     8   6.3 195 1008.2  24.6  24.6    MM   MM +1.6    MM
2017 05 25 10 50 190 14.0 18.0   3.5     8   6.2 196 1007.9  24.8  24.7    MM   MM +1.3    MM
2017 05 25 09 50 190 14.0 16.0   3.4     8   6.2 192 1007.3  24.5  24.8    MM   MM -0.0    MM
2017 05 25 08 50 180 14.0 16.0   3.4     8   6.1 189 1006.6  24.4  24.8    MM   MM -1.9    MM
2017 05 25 07 50 180 15.0 18.0   2.8     8   5.8 193 1006.6  25.3  24.9    MM   MM -2.3    MM
2017 05 25 06 50 180 13.0 20.0   3.0     8   6.0 195 1007.5  25.0  24.9    MM   MM -1.7    MM
2017 05 25 05 50 210 15.0 18.0   2.9     7   5.9 182 1008.5  21.5  24.9    MM   MM -0.4    MM
2017 05 25 04 50 180 13.0 16.0   2.9     7   6.0 179 1008.9  25.5  25.0    MM   MM +0.0    MM
2017 05 25 03 50 170 12.0 16.0   2.7     8   6.0 205 1009.2  25.5  25.0    MM   MM -0.3    MM
2017 05 25 02 50 170 13.0 15.0   2.3     7   5.8 173 1008.9  25.5  25.0    MM   MM -0.6    MM
2017 05 25 01 50 170 11.0 13.0   2.6     8   6.3 226 1009.0  25.4  25.0    MM   MM -0.3    MM
2017 05 25 00 50 170 10.0 13.0   2.4     8   6.3 203 1009.5  25.4  25.0    MM   MM +0.3    MM
2017 05 24 23 50 180  9.0 11.0   2.4     8   6.2 193 1009.5  25.3  25.0    MM   MM +0.0    MM
2017 05 24 22 50 180  9.0 11.0   2.5     7   6.3 180 1009.3  25.3  24.9    MM   MM -0.4    MM
2017 05 24 21 50 190  8.0 10.0   2.5     7   6.3 187 1009.2  25.2  24.8    MM   MM -1.2    MM
2017 05 24 20 50 190  9.0 11.0   2.7     8   6.1 205 1009.3  25.2  24.4    MM   MM -1.1    MM
2017 05 24 19 50 190 10.0 12.0   2.4     8   6.1 242 1009.7  25.3  24.5    MM   MM -0.7    MM
2017 05 24 18 50 200  9.0 11.0   2.2     8   5.9 210 1010.4  25.3  24.5    MM   MM +0.0    MM
2017 05 24 17 50 200 11.0 13.0   2.4     8   6.2 243 1010.4  25.3  24.5    MM   MM +0.0    MM
2017 05 24 16 50 190  7.0  9.0   2.5     8   6.1 202 1010.4  24.9  24.5    MM   MM   MM    MM
2017 05 24 15 50 200 10.0 13.0   2.6     8   6.0 202 1010.4  25.0  24.5    MM   MM +0.0    MM
2017 05 24 14 50 200 10.0 12.0   2.8     7   6.0 204 1010.5  24.9  24.4    MM   MM +0.3    MM
2017 05 24 13 50 200 11.0 13.0   2.4     8    MM  MM 1010.4  25.0  24.4    MM   MM   MM    MM
2017 05 24 12 50 200 11.0 14.0   2.6     7   5.7 204 1010.6  25.0  24.5    MM   MM +0.8    MM
2017 05 24 11 50 200 11.0 14.0   2.4     7   5.5 195 1010.2  25.0  24.5    MM   MM +0.6    MM
2017 05 24 10 50 200 11.0 14.0   2.4     6   5.5 191 1010.0  25.0  24.5    MM   MM +0.4    MM
2017 05 24 09 50 200 12.0 15.0   2.5     7   5.6 210 1009.8  25.0  24.5    MM   MM -0.0    MM
2017 05 24 08 50 200 11.0 13.0   2.5     7   5.6 199 1009.6  25.0  24.5    MM   MM +0.0    MM
2017 05 24 07 50 200 12.0 15.0   2.2     6   5.3 196 1009.6  24.9  24.5    MM   MM -1.1    MM
2017 05 24 06 50 190 12.0 14.0   2.2     6   5.5 202 1009.9  24.9  24.5    MM   MM -1.6    MM
2017 05 24 05 50 180 12.0 14.0   2.2     7   5.5 193 1009.8  24.8  24.5    MM   MM -2.0    MM
2017 05 24 04 50 190 11.0 13.0   2.1     6   5.4 196 1010.7  24.8  24.5    MM   MM -1.2    MM
2017 05 24 03 50 190 11.0 13.0   2.0     7   5.4 217 1011.5  24.9  24.6    MM   MM -0.8    MM
2017 05 24 02 50 190 11.0 14.0   2.0     6   5.6 202 1011.8  24.9  24.6    MM   MM -0.8    MM
2017 05 24 01 50 190  9.0 11.0   1.8     6   5.4 203 1011.9  24.9  24.6    MM   MM +0.4    MM
2017 05 24 00 50 200  7.0  9.0   1.6     6   5.4 192 1012.3  24.9  24.7    MM   MM -0.0    MM
2017 05 23 23 50 210  8.0  9.0   1.5     6   5.0 207 1012.6  24.9  24.6    MM   MM +0.8    MM
2017 05 23 22 50 190  9.0 10.0   1.6     6   5.1 196 1011.5  24.8  24.5    MM   MM -0.8    MM
2017 05 23 21 50 200  9.0 11.0   1.6     6   5.1 190 1012.1  24.8  24.6    MM   MM -1.1    MM
2017 05 23 20 50 200  9.0 11.0   1.3     6   4.8 194 1011.8  24.8  24.6    MM   MM -2.1    MM
2017 05 23 19 50 190  8.0 11.0   1.4     6   4.8 188 1012.3  24.7  24.5    MM   MM -2.3    MM
2017 05 23 18 50 190  9.0 11.0   1.3     5   4.7 172 1013.2  24.8  24.5    MM   MM -2.0    MM
2017 05 23 17 50 200  8.0 10.0   1.3     5   4.6 184 1013.9  24.6  24.5    MM   MM -1.5    MM
2017 05 23 16 50 200  9.0 10.0   1.4     5   4.5 183 1014.6  24.6  24.6    MM   MM -0.9    MM
2017 05 23 15 50 200  9.0 11.0   1.3     5   4.5 194 1015.2  24.6  24.6    MM   MM +0.0    MM
2017 05 23 14 50 200  9.0 11.0   1.3     5   4.3 182 1015.4  24.5  24.6    MM   MM +0.0    MM
2017 05 23 13 50 190 10.0 11.0   1.2     5   4.3 172 1015.5  24.4  24.6    MM   MM -0.0    MM
2017 05 23 12 50 170  9.0 11.0   1.2     4   4.3 191 1015.2  24.2  24.6    MM   MM +0.4    MM
2017 05 23 11 50 170  8.0  9.0   1.0     4   4.1 190 1015.2  24.0  24.6    MM   MM +0.4    MM
2017 05 23 10 50 180  8.0  9.0   1.1     4   4.3 185 1015.3  24.0  24.7    MM   MM -0.0    MM
2017 05 23 09 50 180  8.0  9.0   1.0     4   4.2 181 1014.8  23.9  24.7    MM   MM -1.2    MM
2017 05 23 08 50 180  8.0  9.0   1.0     8   4.5  29 1014.8  23.9  24.8    MM   MM -1.9    MM
2017 05 23 07 50 180  8.0  9.0   1.0     8   4.6  32 1015.1  24.0  24.7    MM   MM -2.8    MM
2017 05 23 06 50 180  7.0  9.0   0.9     8   4.6  50 1016.0  24.1  24.7    MM   MM -2.3    MM
2017 05 23 05 50 170  7.0  9.0   0.9     8   4.7  42 1016.7  24.1  24.7    MM   MM -1.9    MM
2017 05 23 04 50 170  6.0  8.0   0.9     8   4.9  27 1017.9  24.2  24.7    MM   MM -0.7    MM
2017 05 23 03 50 180  6.0  7.0   0.9     8   5.2  18 1018.3  24.2  24.8    MM   MM +0.6    MM
2017 05 23 02 50 190  6.0  8.0   0.9     8   5.4  32 1018.6  24.2  24.9    MM   MM +1.2    MM
2017 05 23 01 50 190  5.0  7.0   0.9     8   5.5  34 1018.6  24.3  25.0    MM   MM +1.7    MM
2017 05 23 00 50 170  5.0  7.0   0.9     8   6.0  19 1017.7  24.4  25.3    MM   MM +0.8    MM
2017 05 22 23 50 180  5.0  6.0   0.9     8   6.3  18 1017.4  24.4  25.5    MM   MM -0.0    MM
2017 05 22 22 50 200  4.0  5.0   0.9     8   6.6  18 1016.9  24.4  25.8    MM   MM -1.4    MM
2017 05 22 21 50 170  4.0  4.0   0.8     8   6.2  41 1016.9  24.3  25.8    MM   MM -2.0    MM
2017 05 22 20 50 170  2.0  4.0   1.0     8   6.4  33 1017.5  24.2  26.1    MM   MM -2.1    MM
2017 05 22 19 50 180  1.0  2.0   1.0     8   6.4  12 1018.3  24.3  26.1    MM   MM -1.5    MM
2017 05 22 18 50 220  2.0  3.0   1.1     8   6.5  14 1018.9  24.3  25.8    MM   MM -1.3    MM
2017 05 22 17 50 260  2.0  3.0   1.2     8   6.7  30 1019.6  24.1  25.5    MM   MM -0.6    MM
2017 05 22 16 50 250  3.0  3.0   1.1     8   6.6  36 1019.8  24.0  25.2    MM   MM -0.5    MM
2017 05 22 15 50 240  3.0  4.0   1.0     8   6.2  31 1020.2  24.0  25.0    MM   MM -0.4    MM
2017 05 22 14 50 240  3.0  4.0   1.0     9   6.2  23 1020.2  24.0  24.9    MM   MM +0.0    MM
2017 05 22 13 50 240  3.0  4.0   1.0     8   5.9  17 1020.3  24.0  24.8    MM   MM +0.0    MM
2017 05 22 12 50 220  4.0  5.0   1.0    10   6.0 355 1020.6  23.9  24.8    MM   MM +0.9    MM
2017 05 22 11 50 210  4.0  5.0   0.9     8   5.5  50 1020.4  24.0  24.8    MM   MM +0.9    MM
2017 05 22 10 50 210  5.0  5.0   0.9     9   5.7   7 1020.1  23.9  24.8    MM   MM +0.6    MM
2017 05 22 09 50 220  5.0  6.0   0.9     8   6.1  51 1019.7  24.0  25.1    MM   MM +0.0    MM
2017 05 22 08 50 220  4.0  5.0   0.9     9   6.0  28 1019.5  24.1  25.2    MM   MM -0.4    MM
2017 05 22 07 50 210  5.0  6.0   0.8     9   6.1   5 1019.5  24.1  25.2    MM   MM -1.1    MM
2017 05 22 06 50 210  4.0  5.0   0.8     9   6.6   9 1019.5  24.2  25.8    MM   MM -1.2    MM
2017 05 22 05 50 210  4.0  5.0   0.8     8   6.2  40 1019.9  24.2  25.5    MM   MM -1.4    MM
2017 05 22 04 50 210  2.0  3.0   0.8     8   6.3  31 1020.6  24.3  25.2    MM   MM -0.6    MM
2017 05 22 03 50 170  2.0  3.0   0.8     8   6.2  22 1020.7  24.4  25.6    MM   MM -0.3    MM
2017 05 22 02 50 180  2.0  3.0   0.8     9   6.3  18 1021.3  24.5  25.7    MM   MM +0.8    MM
2017 05 22 01 50 150  2.0  3.0   0.8     9   6.3  56 1021.2  24.6  26.6    MM   MM +1.2    MM
2017 05 22 00 50  MM  0.0  1.0   0.8     8   6.3 115 1021.0  24.5  26.5    MM   MM +0.8    MM
2017 05 21 23 50  70  1.0  1.0   0.7     8   6.1 152 1020.5  24.7  26.6    MM   MM -0.0    MM
2017 05 21 22 50  70  1.0  2.0   0.7     6   6.0 171 1020.0  25.2  26.5    MM   MM -1.1    MM
2017 05 21 21 50 360  1.0  2.0   0.7     8   5.8 150 1020.2  25.0  26.9    MM   MM -1.6    MM
2017 05 21 20 50 350  1.0  2.0   0.6     8   5.8 159 1020.5  25.0  27.3    MM   MM -1.4    MM
2017 05 21 19 50 340  2.0  3.0   0.6     8   5.8 132 1021.1  24.7  27.1    MM   MM -1.1    MM
2017 05 21 18 50 310  2.0  2.0   0.7     8   5.8 141 1021.8  24.6  27.0    MM   MM -0.8    MM
2017 05 21 17 50 310  1.0  2.0   0.6     8   5.6 161 1021.9  24.5  26.8    MM   MM -0.6    MM
2017 05 21 16 50 340  1.0  2.0   0.7     7   5.8 173 1022.2  24.4  26.2    MM   MM -0.8    MM
2017 05 21 15 50 320  2.0  2.0   0.6     8   5.7 153 1022.6  24.2  26.1    MM   MM +0.0    MM
2017 05 21 14 50 310  1.0  2.0   0.6     7   5.7 175 1022.5  24.0  25.2    MM   MM +0.0    MM
2017 05 21 13 50 270  2.0  3.0   0.6     8   5.9 158 1023.0  23.8  24.8    MM   MM +1.2    MM
2017 05 21 12 50 270  2.0  2.0   0.7     7   5.7 152 1022.7  23.9  24.7    MM   MM +1.4    MM
2017 05 21 11 50 240  1.0  1.0   0.6     7   5.7 153 1022.5  24.0  24.6    MM   MM   MM    MM
2017 05 21 10 50 170  1.0  1.0   0.7     7   5.5 137 1021.8  24.1  24.6    MM   MM +0.9    MM
2017 05 21 09 50 120  1.0  1.0   0.6     7   5.6 137 1021.3  23.8  24.6    MM   MM +0.0    MM
2017 05 21 08 50  70  2.0  2.0   0.6     7    MM  MM 1021.2  23.9  24.6    MM   MM   MM    MM
2017 05 21 07 50 130  1.0  1.0   0.6     6   5.4 145 1020.9  24.0  25.0    MM   MM -0.8    MM
2017 05 21 06 50 150  1.0  1.0   0.6     7   5.4 147 1021.1  24.2  25.3    MM   MM -0.6    MM
2017 05 21 05 50 140  2.0  2.0   0.7     7   5.6 145 1021.2  24.3  25.7    MM   MM -0.9    MM
2017 05 21 04 50 130  2.0  3.0   0.7     6   5.4 148 1021.7  24.4  25.7    MM   MM -0.3    MM
2017 05 21 03 50 130  2.0  3.0   0.7     6   5.4 160 1021.7  24.7  25.6    MM   MM +0.3    MM
2017 05 21 02 50  80  2.0  3.0   0.7     8   5.4 127 1022.1  24.8  25.6    MM   MM +1.1    MM
2017 05 21 01 50  70  1.0  3.0   0.7     7   5.3 129 1022.0  24.8  26.0    MM   MM +1.6    MM
2017 05 21 00 50 130  1.0  2.0   0.8     6   5.3 136 1021.4  24.6  26.7    MM   MM +0.9    MM
2017 05 20 23 50 130  1.0  2.0   0.7     6   5.3 143 1021.0  24.7  26.3    MM   MM -0.0    MM
2017 05 20 22 50 120  1.0  2.0   0.8     8   5.3 117 1020.4  24.9  26.3    MM   MM -0.5    MM
2017 05 20 21 50 140  1.0  2.0   0.8     7   5.4 145 1020.5  24.9  27.1    MM   MM -0.9    MM
2017 05 20 20 50  90  1.0  2.0   0.8     6   5.5 152 1020.8  25.0  27.1    MM   MM -1.0    MM
2017 05 20 19 50 120  1.0  1.0   0.8     6   5.5 139 1020.9  25.2  27.4    MM   MM -1.0    MM
2017 05 20 18 50  MM  0.0  1.0   0.8     8   5.7 125 1021.4  25.1  27.4    MM   MM +0.0    MM
2017 05 20 17 50  MM  0.0  1.0   0.8     7   5.8 140 1021.8  24.9  27.9    MM   MM +0.0    MM
2017 05 20 16 50  40  1.0  2.0   0.7     7   5.8 138 1021.9  24.4  27.2    MM   MM -0.0    MM
2017 05 20 15 50  50  1.0  2.0   0.7     9   5.9 136 1021.6  24.3  26.4    MM   MM +0.0    MM
2017 05 20 14 50  MM  0.0  1.0   0.7     7   5.9 159 1021.6  24.2  25.3    MM   MM +0.3    MM
2017 05 20 13 50 350  2.0  3.0   0.7     7   6.0 171 1021.7  24.0  24.6    MM   MM +0.5    MM
2017 05 20 12 50 340  2.0  3.0   0.7     7   5.8 167 1021.5  23.9  24.4    MM   MM +1.1    MM
2017 05 20 11 50 330  2.0  2.0   0.6     6   5.5 180 1021.3  24.0  24.3    MM   MM +1.4    MM
2017 05 20 10 50 320  1.0  2.0   0.7     6   5.7 179 1021.2  24.0  24.3    MM   MM +1.5    MM
2017 05 20 09 50  MM  0.0  1.0   0.7     8   6.0 126 1020.4  23.6  24.3    MM   MM +0.4    MM
2017 05 20 08 50 180  1.0  2.0   0.6     6   5.7 135 1019.9  23.6  24.3    MM   MM +0.0    MM
2017 05 20 07 50 170  2.0  2.0   0.7     6   5.7 135 1019.7  23.7  24.4    MM   MM -1.0    MM
2017 05 20 06 50 170  2.0  3.0   0.6     6   5.3 153 1020.0  23.8  24.5    MM   MM -1.0    MM
2017 05 20 05 50 160  3.0  4.0   0.7     6   5.5 154 1020.1  23.9  24.6    MM   MM -1.0    MM
2017 05 20 04 50 150  4.0  5.0   0.7     7   5.5 139 1020.7  23.9  24.8    MM   MM +0.0    MM
2017 05 20 03 50 150  4.0  4.0   0.7     7   5.5 126 1021.0  24.0  25.0    MM   MM +0.9    MM
2017 05 20 02 50 160  3.0  4.0   0.7     7   5.5 139 1021.1  24.0  24.8    MM   MM +0.8    MM
2017 05 20 01 50 150  3.0  4.0   0.7     6   5.3 146 1020.8  24.1  25.0    MM   MM +0.6    MM
2017 05 20 00 50 140  4.0  5.0   0.7     7   5.2 162 1020.1  24.1  24.9    MM   MM -0.4    MM
2017 05 19 23 50 150  3.0  4.0   0.8     6   5.4 163 1020.3  24.2  25.4    MM   MM +0.0    MM
2017 05 19 22 50 160  3.0  4.0   0.9     7   5.4 180 1020.2  24.2  25.8    MM   MM -0.3    MM
2017 05 19 21 50 150  2.0  3.0   0.9     6   5.4 150 1020.5  24.3  26.1    MM   MM +0.0    MM
2017 05 19 20 50 130  1.0  2.0   0.8     6   5.3 140 1020.5  24.3  26.2    MM   MM -0.7    MM
2017 05 19 19 50 120  1.0  2.0   0.8     6   5.4 171 1020.5  24.2  26.3    MM   MM -1.3    MM
2017 05 19 18 50 110  2.0  3.0   0.8     6   5.5 156 1020.7  24.0  26.0    MM   MM -1.3    MM
2017 05 19 17 50 110  2.0  3.0   0.8     6   5.5 163 1021.2  24.0  26.2    MM   MM -1.0    MM
2017 05 19 16 50  MM  0.0  1.0   0.8     6   5.3 160 1021.8  24.1  25.9    MM   MM +0.0    MM
2017 05 19 15 50  MM  0.0  1.0   0.8     6   5.5 162 1022.0  24.0  25.6    MM   MM +0.0    MM
2017 05 19 14 50  MM  0.0  1.0   0.8     6   5.4 163 1022.2  24.0  25.1    MM   MM +0.3    MM
2017 05 19 13 50  MM  0.0  1.0   0.8     6   5.3 157 1022.0  23.9  24.6    MM   MM +0.0    MM
2017 05 19 12 50 290  2.0  2.0   0.7     6   5.2 175 1021.9  23.7  24.3    MM   MM +0.9    MM
2017 05 19 11 50 270  3.0  3.0   0.7     6   4.9 178 1021.9  23.6  24.2    MM   MM +1.5    MM
2017 05 19 10 50 250  3.0  4.0   0.7     6   5.1 174 1021.8  23.5  24.2    MM   MM +1.4    MM
2017 05 19 09 50 200  3.0  3.0   0.7     7   4.8 150 1021.0  23.3  24.2    MM   MM +0.6    MM
2017 05 19 08 50 180  2.0  3.0   0.7     6   4.7 145 1020.4  23.3  24.2    MM   MM -0.5    MM
2017 05 19 07 50 180  4.0  5.0   0.7     6   4.6 137 1020.4  23.4  24.2    MM   MM -0.8    MM
2017 05 19 06 50 160  5.0  6.0   0.7     5   4.5 142 1020.4  23.5  24.2    MM   MM -1.6    MM
2017 05 19 05 50 170  4.0  5.0   0.8     5   4.5 134 1020.9  23.3  24.3    MM   MM -1.3    MM
2017 05 19 04 50 170  7.0  8.0   0.8    14   4.4 349 1021.2  23.3  24.2    MM   MM -1.0    MM
2017 05 19 03 50 130  5.0  6.0   0.8     5   4.3 139 1022.0  23.3  24.3    MM   MM +0.3    MM
2017 05 19 02 50 140  4.0  5.0   0.8     6   4.4 127 1022.2  23.5  24.3    MM   MM +0.5    MM
2017 05 19 01 50 130  5.0  6.0   0.7     5   4.3 145 1022.2  23.5  24.3    MM   MM +0.7    MM
2017 05 19 00 50 130  6.0  8.0   0.7     6   4.6 170 1021.7  23.4  24.4    MM   MM -0.0    MM
2017 05 18 23 50 120  5.0  6.0   0.7    13   4.7  97 1021.7  23.4  24.5    MM   MM +0.0    MM
2017 05 18 22 50 120  5.0  6.0   0.7    15   4.7 107 1021.5  23.4  24.5    MM   MM -0.3    MM
2017 05 18 21 50 120  4.0  5.0   0.8    15   4.7  39 1021.8  23.4  24.6    MM   MM -0.9    MM
2017 05 18 20 50 120  6.0  7.0   0.7    15   4.6 102 1021.6  23.4  24.7    MM   MM -1.8    MM
2017 05 18 19 50 100  6.0  7.0   0.7     5   4.9 151 1021.8  23.3  24.8    MM   MM -1.9    MM
2017 05 18 18 50  90  5.0  5.0   0.8    14   5.2  89 1022.7  23.2  24.9    MM   MM -0.9    MM
2017 05 18 17 50 100  3.0  4.0   0.8     5   5.0 149 1023.4  23.2  24.7    MM   MM +0.0    MM
2017 05 18 16 50  90  3.0  4.0   0.7    13   5.0  98 1023.7  23.1  24.6    MM   MM -0.0    MM
2017 05 18 15 50 120  4.0  5.0   0.7     5   4.8 158 1023.6  23.0  24.5    MM   MM -0.0    MM
2017 05 18 14 50 120  5.0  6.0   0.7    13   5.2  68 1023.2  22.9  24.4    MM   MM +0.0    MM
2017 05 18 13 50 120  4.0  5.0   0.7    15   4.9 312 1023.5  22.9  24.3    MM   MM +0.9    MM
2017 05 18 12 50 140  3.0  4.0   0.7    13   4.9  74 1023.6  22.7  24.3    MM   MM +1.6    MM
2017 05 18 11 50 130  4.0  5.0   0.7    15   5.1  45 1023.1  22.8  24.2    MM   MM +1.6    MM
2017 05 18 10 50 130  4.0  5.0   0.7    13   5.2  62 1022.6  22.7  24.1    MM   MM +1.1    MM
2017 05 18 09 50 130  4.0  5.0   0.6    14   4.9  90 1022.0  22.7  24.1    MM   MM -0.0    MM
2017 05 18 08 50 130  4.0  6.0   0.6    13   5.0  66 1021.5  22.9  24.2    MM   MM -0.9    MM
2017 05 18 07 50 130  4.0  5.0   0.6    10   5.0  94 1021.5  22.8  24.3    MM   MM -1.6    MM
2017 05 18 06 50 120  5.0  6.0   0.6    13   4.8  71 1021.9  22.9  24.3    MM   MM -1.3    MM
2017 05 18 05 50 120  5.0  6.0   0.6    14   4.8  84 1022.4  23.1  24.3    MM   MM -0.9    MM
2017 05 18 04 50 140  5.0  5.0   0.6    14   4.7  70 1023.1  23.2  24.4    MM   MM +0.0    MM
2017 05 18 03 50 150  6.0  7.0   0.6    13   5.0  52 1023.2  23.3  24.5    MM   MM +0.6    MM
2017 05 18 02 50 140  5.0  6.0   0.6    16   5.4 345 1023.3  23.5  24.5    MM   MM +0.9    MM
2017 05 18 01 50 130  5.0  7.0   0.6    13   5.5  38 1023.1  23.6  24.6    MM   MM +0.9    MM
2017 05 18 00 50 130  5.0  6.0   0.7    12   6.0  88 1022.6  23.6  24.7    MM   MM +0.4    MM
2017 05 17 23 50 130  4.0  5.0   0.6    14   5.4  54 1022.4  23.8  24.8    MM   MM +0.0    MM
2017 05 17 22 50 130  3.0  4.0   0.7     8   5.9  94 1022.2  24.0  24.8    MM   MM -0.4    MM
2017 05 17 21 50 140  3.0  4.0   0.7    12   5.8  84 1022.2  24.0  24.9    MM   MM -0.8    MM
2017 05 17 20 50 160  3.0  3.0   0.7    12   5.3  64 1022.3  24.0  25.0    MM   MM -0.6    MM
2017 05 17 19 50 140  3.0  4.0   0.7     8   5.3  70 1022.6  23.9  25.0    MM   MM -0.6    MM
2017 05 17 18 50 160  3.0  4.0   0.7    14   5.1  28 1023.0  23.9  24.9    MM   MM -0.5    MM
2017 05 17 17 50 150  3.0  4.0   0.7    12   5.1  72 1022.9  23.8  24.8    MM   MM -0.7    MM
2017 05 17 16 50 150  3.0  4.0   0.7    14   5.0  12 1023.2  23.8  24.6    MM   MM +0.0    MM
2017 05 17 15 50 170  3.0  4.0   0.8    13   5.1  42 1023.5  23.7  24.4    MM   MM +0.5    MM
2017 05 17 14 50 170  4.0  5.0   0.8    13   5.0 169 1023.6  23.7  24.3    MM   MM +1.1    MM
2017 05 17 13 50 170  4.0  5.0   0.8    14   4.9  14 1023.2  23.7  24.3    MM   MM +1.5    MM
2017 05 17 12 50 170  4.0  5.0   0.8    10   4.8  54 1023.0  23.7  24.2    MM   MM +2.0    MM
2017 05 17 11 50 170  4.0  5.0   0.8    14   5.0  41 1022.5  23.6  24.1    MM   MM +2.0    MM
2017 05 17 10 50 180  4.0  5.0   0.8    14   4.9  14 1021.7  23.5  24.1    MM   MM +1.5    MM
2017 05 17 09 50 190  4.0  5.0   0.8    13   4.8  50 1021.0  23.4  24.2    MM   MM +0.8    MM
2017 05 17 08 50 170  5.0  6.0   0.9    14   4.7  26 1020.5  23.4  24.3    MM   MM -0.0    MM
2017 05 17 07 50 170  6.0  7.0   0.9    14   4.8  38 1020.2  23.6  24.4    MM   MM -0.9    MM
2017 05 17 06 50 170  6.0  7.0   0.9    13   4.7   5 1020.2  23.7  24.5    MM   MM -1.1    MM
2017 05 17 05 50 170  6.0  7.0   0.9    14   4.7  16 1020.6  23.9  24.6    MM   MM -0.7    MM
2017 05 17 04 50 160  6.0  7.0   0.9    14   4.8  11 1021.1  24.0  24.6    MM   MM +0.0    MM
2017 05 17 03 50 160  7.0  8.0   0.8     8   4.7  91 1021.3  24.0  24.7    MM   MM +0.0    MM
2017 05 17 02 50 160  7.0  8.0   0.8    14   4.6 359 1021.3  24.1  24.8    MM   MM +0.7    MM
2017 05 17 01 50 150  7.0  8.0   0.8    14   4.6  11 1021.3  24.1  24.8    MM   MM +1.1    MM
2017 05 17 00 50 150  6.0  7.0   0.8    14   5.2 352 1021.1  24.1  24.9    MM   MM +1.2    MM
2017 05 16 23 50 150  6.0  7.0   0.8    15   5.4   5 1020.6  24.2  24.9    MM   MM +0.8    MM
2017 05 16 22 50 150  5.0  7.0   0.8    14   5.4 103 1020.2  24.3  25.0    MM   MM -0.0    MM
2017 05 16 21 50 150  5.0  6.0   0.8    14   5.4 113 1019.9  24.4  25.0    MM   MM -0.4    MM
2017 05 16 20 50 150  5.0  7.0   0.8    15   5.4 354 1019.8  24.4  25.0    MM   MM -0.6    MM
2017 05 16 19 50 150  5.0  6.0   0.8    15   5.7  95 1020.0  24.3  25.1    MM   MM +0.0    MM
2017 05 16 18 50 140  5.0  6.0   0.9    15   5.5  54 1020.3  24.3  25.0    MM   MM +0.0    MM
2017 05 16 17 50 150  5.0  6.0   0.9    11   5.6  67 1020.4  24.2  24.9    MM   MM +0.6    MM
2017 05 16 16 50 140  4.0  5.0   0.8     8   5.2  33 1020.2  24.2  24.9    MM   MM +0.8    MM
2017 05 16 15 50 140  4.0  6.0   0.9    15   5.8  75 1020.2  24.1  24.7    MM   MM +1.2    MM
2017 05 16 14 50 130  5.0  6.0   0.9    15   6.0  74 1019.8  24.0  24.6    MM   MM +1.5    MM
2017 05 16 13 50 130  4.0  5.0   0.9    15   6.0  47 1019.4  24.0  24.4    MM   MM +1.6    MM
2017 05 16 12 50 110  4.0  4.0   0.9     8   6.0  67 1019.0  24.0  24.3    MM   MM +1.8    MM
2017 05 16 11 50 120  3.0  4.0   0.9     8   5.8  32 1018.3  23.8  24.2    MM   MM +1.4    MM
2017 05 16 10 50  90  4.0  5.0   1.0     8   6.1  36 1017.8  23.5  24.1    MM   MM +0.9    MM
2017 05 16 09 50 100  4.0  5.0   1.0    11   5.7  34 1017.2  23.4  24.1    MM   MM +0.5    MM
2017 05 16 08 50  90  4.0  5.0   0.9    16   5.6  56 1016.9  23.4  24.1    MM   MM +0.0    MM
2017 05 16 07 50  90  3.0  4.0   1.0    15   5.8  55 1016.9  23.5  24.1    MM   MM +0.0    MM
2017 05 16 06 50  80  3.0  3.0   1.0     6   5.6 230 1016.7  23.5  24.0    MM   MM +0.0    MM
2017 05 16 05 50  80  3.0  4.0   1.0     6   5.7 325 1016.9  23.6  24.0    MM   MM +0.5    MM
2017 05 16 04 50  50  3.0  3.0   1.1     6   5.4 359 1016.8  23.9  24.0    MM   MM +0.9    MM
2017 05 16 03 50 340  2.0  3.0   1.3     6   5.5 349 1016.8  24.2  24.1    MM   MM +1.8    MM
2017 05 16 02 50 310  3.0  3.0   1.3     6   5.5 357 1016.4  24.2  24.1    MM   MM +2.1    MM
2017 05 16 01 50 320  3.0  4.0   1.2     6   5.3  16 1015.9  24.4  24.1    MM   MM +2.4    MM
2017 05 16 00 50 290  4.0  5.0   1.1     6   5.4 356 1015.0  24.5  24.1    MM   MM +1.8    MM
2017 05 15 23 50 270  5.0  6.0   1.2     6   5.2 303 1014.3  24.4  24.2    MM   MM +0.7    MM
2017 05 15 22 50 270  6.0  7.0   1.1     6   5.1 319 1013.5  24.5  24.2    MM   MM -0.4    MM
2017 05 15 21 50 260  7.0  8.0   1.1     6   5.0 194 1013.2  24.4  24.3    MM   MM -0.9    MM
2017 05 15 20 50 260  7.0  8.0   1.0     6   5.1 182 1013.6  24.4  24.3    MM   MM -0.8    MM
2017 05 15 19 50 250  6.0  7.0   1.1     7   5.2 180 1013.9  24.3  24.4    MM   MM -1.0    MM
2017 05 15 18 50 260  6.0  7.0   1.1    11   5.2  62 1014.1  24.3  24.5    MM   MM -0.8    MM
2017 05 15 17 50 260  6.0  7.0   1.2     7   5.6 210 1014.4  24.1  24.5    MM   MM -0.5    MM
2017 05 15 16 50 260  6.0  7.0   1.1    11   5.8  69 1014.9  24.0  24.6    MM   MM +0.0    MM
2017 05 15 15 50 280  6.0  7.0   1.2     7   5.9 217 1014.9  23.9  24.6    MM   MM +0.4    MM
2017 05 15 14 50 270  5.0  6.0   1.1    11   5.9  58 1014.9  23.7  24.5    MM   MM +0.7    MM
2017 05 15 13 50 280  5.0  6.0   1.2     6   5.9 204 1014.7  23.4  24.5    MM   MM +0.7    MM
2017 05 15 12 50 300  5.0  6.0   1.2    11   6.0  83 1014.5  23.4  24.4    MM   MM +1.0    MM
2017 05 15 11 50 310  5.0  6.0   1.2     7   5.9 222 1014.2  23.3  24.3    MM   MM +0.8    MM
2017 05 15 10 50 310  5.0  6.0   1.3     7   6.1 254 1014.0  23.0  24.2    MM   MM +0.6    MM
2017 05 15 09 50 320  5.0  6.0   1.4     6   6.3 239 1013.5  22.6  24.2    MM   MM +0.0    MM
2017 05 15 08 50 300  3.0  5.0   1.5     7   6.4 196 1013.4  22.4  24.1    MM   MM -0.5    MM
2017 05 15 07 50 320  2.0  3.0   1.5    11   6.7  70 1013.4  22.2  24.2    MM   MM -1.0    MM
2017 05 15 06 50 310  3.0  4.0   1.6     7   6.4 234 1013.4  22.1  24.2    MM   MM -1.0    MM
2017 05 15 05 50 320  2.0  4.0   1.6     7   6.3 206 1013.9  22.0  24.2    MM   MM -0.4    MM
2017 05 15 04 50 330  3.0  4.0   1.6     7   6.2 206 1014.4  22.1  24.1    MM   MM +0.6    MM
2017 05 15 03 50 350  2.0  3.0   1.8     7   6.5 244 1014.4  22.1  24.1    MM   MM +1.1    MM
2017 05 15 02 50 350  2.0  3.0   1.8     7   6.4 204 1014.3  22.0  24.2    MM   MM +1.5    MM
2017 05 15 01 50  10  1.0  3.0   1.6     7   6.3 221 1013.8  22.0  24.2    MM   MM +1.5    MM
2017 05 15 00 50  20  2.0  3.0   1.7     7   6.3  23 1013.3  22.2  24.2    MM   MM +1.3    MM
2017 05 14 23 50  40  2.0  3.0   1.7     7   6.1 211 1012.8  22.2  24.3    MM   MM +0.9    MM
2017 05 14 22 50  30  3.0  4.0   1.7     6   6.4 338 1012.3  22.3  24.3    MM   MM -0.0    MM
2017 05 14 21 50  20  4.0  5.0   1.7     7   6.1 352 1012.0  22.3  24.4    MM   MM -0.8    MM
2017 05 14 20 50  40  4.0  5.0   1.9     7   6.1 328 1011.9  22.2  24.4    MM   MM -0.7    MM
2017 05 14 19 50  50  4.0  6.0   1.8     7   6.1 339 1012.2  22.2  24.4    MM   MM -0.5    MM
2017 05 14 18 50  50  6.0  7.0   1.9     7   5.9 314 1012.8  22.1  24.4    MM   MM +0.3    MM
2017 05 14 17 50  40  7.0  8.0   1.8     8   5.4 245 1012.6  22.0  24.3    MM   MM +0.5    MM
2017 05 14 16 50  40  8.0  9.0   1.7     8   5.3 255 1012.7  22.1  24.3    MM   MM +1.4    MM
2017 05 14 15 50  40  8.0 10.0   1.8     7   5.4 257 1012.5  22.3  24.4    MM   MM +1.6    MM
2017 05 14 14 50  30  9.0 10.0   1.8     7   5.2 261 1012.1  22.5  24.4    MM   MM +2.1    MM
2017 05 14 13 50  20  9.0 11.0   1.5     7   4.9 245 1011.3  22.4  24.4    MM   MM +2.4    MM
2017 05 14 12 50  20  9.0 11.0   1.5     7   5.0 241 1010.9  22.3  24.6    MM   MM +2.5    MM
2017 05 14 11 50 350  8.0 12.0   1.7     7   5.3 254 1010.0  23.2  24.7    MM   MM +2.0    MM
2017 05 14 10 50 320  8.0 11.0   1.6     6   5.0 224 1008.9  23.5  24.8    MM   MM +0.5    MM
2017 05 14 09 50 220  8.0 11.0   1.3     6   4.9 217 1008.4  23.5  25.0    MM   MM -0.0    MM
2017 05 14 08 50 200  9.0 10.0   1.4     6   5.0 198 1008.0  22.5  25.0    MM   MM -1.2    MM
2017 05 14 07 50 200  9.0 11.0   1.5     6   5.0 205 1008.4  22.4  25.1    MM   MM -0.5    MM
2017 05 14 06 50 220  6.0  8.0   1.4     7   4.9 239 1008.3  21.4  25.1    MM   MM +0.0    MM
2017 05 14 05 50 250  6.0  9.0   1.3     6   4.7 247 1009.2  20.2  25.2    MM   MM -0.4    MM
2017 05 14 04 50 230  9.0 12.0   1.4     7   4.9 235 1008.9  24.8  25.2    MM   MM -1.0    MM
2017 05 14 03 50 210  9.0 12.0   1.3     7   5.1 227 1008.5  25.1  25.2    MM   MM -1.0    MM
2017 05 14 02 50 200  6.0  8.0   1.4     7   5.1 231 1009.6  25.1  25.2    MM   MM +0.3    MM
2017 05 14 01 50 210  6.0  8.0   1.4     6   5.0 233 1009.9  25.2  25.2    MM   MM +0.7    MM
2017 05 14 00 50 210  8.0 10.0   1.5     7   5.1 236 1009.5  25.3  25.2    MM   MM +0.3    MM
2017 05 13 23 50 220  7.0  8.0   1.4     6   5.0 235 1009.3  25.1  25.3    MM   MM -0.0    MM
2017 05 13 22 50 230  8.0 10.0   1.5     6   5.0 237 1009.2  25.0  25.3    MM   MM -0.4    MM
2017 05 13 21 50 240  8.0 10.0   1.5     5   4.7 235 1009.2  25.2  25.3    MM   MM -0.5    MM
2017 05 13 20 50 250  8.0 10.0   1.5     6   4.9 231 1009.5  25.2  25.3    MM   MM -0.3    MM
2017 05 13 19 50 240  9.0 11.0   1.5     6   4.8 223 1009.6  25.3  25.4    MM   MM -0.3    MM
2017 05 13 18 50 230  9.0 11.0   1.4     5   4.7 234 1009.7  25.4  25.4    MM   MM -0.8    MM
2017 05 13 17 50 230  9.0 11.0   1.4     8   4.8  65 1009.8  25.4  25.3    MM   MM -0.7    MM
2017 05 13 16 50 210 10.0 11.0   1.5     8   5.0  57 1009.9  25.2  25.3    MM   MM -0.6    MM
2017 05 13 15 50 210  8.0 10.0   1.3     6   5.2 219 1010.5  25.2  25.3    MM   MM +0.0    MM
2017 05 13 14 50 210  7.0  9.0   1.4     7   5.2  57 1010.5  25.2  25.2    MM   MM +0.3    MM
2017 05 13 13 50 230  7.0  9.0   1.4     8   5.3  65 1010.5  25.2  25.2    MM   MM +0.7    MM
2017 05 13 12 50 220  7.0  8.0   1.5     8   5.7  52 1010.4  25.3  25.1    MM   MM +0.7    MM
2017 05 13 11 50 210  7.0  8.0   1.6     8   5.7  53 1010.2  24.8  25.1    MM   MM +0.7    MM
2017 05 13 10 50 200  6.0  8.0   1.5     8   5.5  43 1009.8  24.5  25.1    MM   MM +0.3    MM
2017 05 13 09 50 210  7.0  9.0   1.5     8   5.5  43 1009.7  24.3  25.1    MM   MM +0.0    MM
2017 05 13 08 50 210  7.0  9.0   1.4     8   5.3  41 1009.5  24.3  25.2    MM   MM -0.7    MM
2017 05 13 07 50 220  7.0  8.0   1.5     8   5.5  33 1009.5  24.4  25.2    MM   MM -0.9    MM
2017 05 13 06 50 230  7.0  8.0   1.5     7   5.6  19 1009.6  24.6  25.2    MM   MM -1.3    MM
2017 05 13 05 50 240  7.0  8.0   1.4     7   5.7  25 1010.2  24.6  25.3    MM   MM -0.8    MM
2017 05 13 04 50 230  5.0  6.0   1.5     8   5.7  38 1010.4  24.7  25.3    MM   MM -0.4    MM
2017 05 13 03 50 250  5.0  6.0   1.4     8   5.8  47 1010.9  24.9  25.3    MM   MM +0.4    MM
2017 05 13 02 50 250  6.0  7.0   1.5     8   5.8  62 1011.0  25.1  25.4    MM   MM +1.2    MM
2017 05 13 01 50 260  5.0  6.0   1.7     7   5.7 288 1010.8  25.2  25.5    MM   MM +1.5    MM
2017 05 13 00 50 260  6.0  8.0   1.5     6   5.8 249 1010.5  25.3  25.5    MM   MM +0.8    MM
2017 05 12 23 50 250  6.0  7.0   1.4     8   5.9  44 1009.8  25.4  25.8    MM   MM -0.0    MM
2017 05 12 22 50 230  5.0  6.0   1.4     8   6.4  47 1009.3  25.8  26.2    MM   MM -0.5    MM
2017 05 12 21 50 200  3.0  4.0   1.4    11   6.2  12 1009.7  26.0  26.4    MM   MM -0.4    MM
2017 05 12 20 50 180  4.0  5.0   1.2     8   6.0  27 1009.6  26.0  26.4    MM   MM -0.6    MM
2017 05 12 19 50 160  3.0  4.0   1.2     8   6.0  12 1009.8  25.9  26.6    MM   MM -0.7    MM
2017 05 12 18 50 150  3.0  3.0   1.2    12   6.0  55 1010.1  25.8  26.8    MM   MM -0.4    MM
2017 05 12 17 50 140  2.0  3.0   1.2    12   6.1  54 1010.2  25.6  26.9    MM   MM +0.5    MM
2017 05 12 16 50 200  1.0  2.0   1.2    12   6.0  33 1010.5  25.6  26.4    MM   MM +0.7    MM
2017 05 12 15 50 210  2.0  3.0   1.1    12   5.8  39 1010.5  25.4  26.0    MM   MM +0.9    MM
2017 05 12 14 50 200  3.0  4.0   1.2    11   6.2  26 1009.7  25.2  25.6    MM   MM +0.0    MM
2017 05 12 13 50 220  2.0  3.0   1.3    12   6.4  28 1009.8  25.2  25.4    MM   MM +0.5    MM
2017 05 12 12 50 220  2.0  3.0   1.2    12   6.0  43 1009.6  25.1  25.3    MM   MM +0.6    MM
2017 05 12 11 50 260  2.0  3.0   1.2    12   5.7  27 1009.5  25.1  25.2    MM   MM +0.7    MM
2017 05 12 10 50 260  4.0  4.0   1.2    12   5.4  41 1009.3  25.0  25.2    MM   MM +0.3    MM
2017 05 12 09 50 270  5.0  6.0   1.3     6   5.2 272 1009.0  25.0  25.2    MM   MM +0.0    MM
2017 05 12 08 50 260  7.0  8.0   1.3     7   5.4 279 1008.8  25.0  25.2    MM   MM -0.7    MM
2017 05 12 07 50 280  6.0  8.0   1.3    12   5.4  41 1009.0  25.1  25.2    MM   MM -0.8    MM
2017 05 12 06 50 270  6.0  8.0   1.2    12   5.2  45 1008.9  25.1  25.2    MM   MM -1.0    MM
2017 05 12 05 50 280  7.0  8.0   1.2    12   5.2  70 1009.5  25.2  25.1    MM   MM +0.0    MM
2017 05 12 04 50 280  6.0  7.0   1.3    12   4.9  12 1009.8  25.1  25.1    MM   MM +0.0    MM
2017 05 12 03 50 290  8.0  9.0   1.4     5   4.7 278 1009.9  25.1  25.0    MM   MM +1.1    MM
2017 05 12 02 50 280 10.0 11.0   1.4    12   4.7  37 1009.7  25.2  24.8    MM   MM +1.4    MM
2017 05 12 01 50 280 10.0 12.0   1.4    12   4.6  70 1009.6  25.4  24.8    MM   MM +0.8    MM
2017 05 12 00 50 270 10.0 12.0   1.3    13   4.8  51 1008.8  25.4  24.9    MM   MM -0.0    MM
2017 05 11 23 50 250  9.0 11.0   1.3    13   4.8  56 1008.3  25.2  25.0    MM   MM -1.2    MM
2017 05 11 22 50 250  9.0 11.0   1.4    13   4.9  46 1008.8  25.2  25.2    MM   MM -1.5    MM
2017 05 11 21 50 240  9.0 11.0   1.4    13   4.7  46 1008.8  25.1  25.2    MM   MM -2.2    MM
2017 05 11 20 50 230 10.0 12.0   1.4    13   4.6  25 1009.5  24.9  25.2    MM   MM -2.4    MM
2017 05 11 19 50 230  9.0 11.0   1.4    13   4.7  42 1010.3  24.8  25.2    MM   MM -1.9    MM
2017 05 11 18 50 220  9.0 11.0   1.2    13   4.7  37 1011.0  24.8  25.1    MM   MM -2.0    MM
2017 05 11 17 50 220  9.0 10.0   1.3    13   5.0  19 1011.9  24.6  25.1    MM   MM -2.2    MM
2017 05 11 16 50 210  8.0  9.0   1.1    13   5.2   1 1012.2  24.4  25.0    MM   MM -2.2    MM
2017 05 11 15 50 200  8.0  9.0   1.1    13   5.9  14 1013.0  24.3  25.0    MM   MM -1.8    MM
2017 05 11 14 50 220  6.0  7.0   1.0    13   6.3  15 1014.1  24.4  24.9    MM   MM -0.7    MM
2017 05 11 13 50 230  5.0  6.0   1.0    13   6.5  38 1014.4  24.5  24.6    MM   MM -0.3    MM
2017 05 11 12 50 210  3.0  5.0   0.9    14   5.9  30 1014.8  24.1  24.5    MM   MM +0.6    MM
2017 05 11 11 50 220  2.0  2.0   1.0     7   5.8 137 1014.8  23.9  24.5    MM   MM +0.7    MM
2017 05 11 10 50 240  2.0  2.0   0.9    13   5.9  59 1014.7  23.6  24.5    MM   MM -0.0    MM
2017 05 11 09 50 290  2.0  2.0   1.0     7   5.7 240 1014.2  23.5  24.5    MM   MM -0.5    MM
2017 05 11 08 50 300  1.0  1.0   1.0     7   5.9 268 1014.1  23.6  24.5    MM   MM -0.8    MM
2017 05 11 07 50 300  3.0  3.0   1.0     7   5.7 281 1014.5  23.7  24.6    MM   MM -1.1    MM
2017 05 11 06 50 310  4.0  4.0   1.0     7   5.7 253 1014.7  23.7  24.7    MM   MM -0.8    MM
2017 05 11 05 50 300  3.0  4.0   1.1     7   5.6 270 1014.9  23.8  24.7    MM   MM -0.6    MM
2017 05 11 04 50 310  5.0  6.0   1.1     7   5.3 280 1015.6  23.9  24.8    MM   MM +0.5    MM
2017 05 11 03 50 310  5.0  5.0   1.2     6   5.3 294 1015.5  23.9  24.8    MM   MM +0.8    MM
2017 05 11 02 50 310  5.0  6.0   1.2     7   5.2 290 1015.5  24.1  24.9    MM   MM +1.4    MM
2017 05 11 01 50 300  6.0  7.0   1.3     7   5.1 282 1015.1  24.3  25.1    MM   MM +1.5    MM
2017 05 11 00 50 300  8.0  9.0   1.4     6   4.8 281 1014.7  24.5  25.1    MM   MM +1.0    MM
2017 05 10 23 50 290  7.0  8.0   1.5     7   5.0 290 1014.1  24.6  25.1    MM   MM -0.0    MM
2017 05 10 22 50 290  9.0 10.0   1.5     7   4.8 276 1013.6  25.0  25.2    MM   MM -0.7    MM
2017 05 10 21 50 260  9.0 11.0   1.6     7   4.9 260 1013.7  25.2  25.2    MM   MM -0.9    MM
2017 05 10 20 50 250 10.0 11.0   1.6     6   4.8 259 1014.0  25.2  25.2    MM   MM -1.4    MM
2017 05 10 19 50 250 10.0 12.0   1.8     6   4.9 256 1014.3  25.1  25.2    MM   MM -1.7    MM
2017 05 10 18 50 250 10.0 13.0   1.7     7   5.0 247 1014.6  25.0  25.2    MM   MM -1.6    MM
2017 05 10 17 50 240  9.0 12.0   1.3     6   4.6 254 1015.4  24.9  25.0    MM   MM -1.3    MM
2017 05 10 16 50 240  9.0 11.0   1.3     6   4.7 238 1016.0  24.8  25.0    MM   MM -1.1    MM
2017 05 10 15 50 240 10.0 11.0   1.3     6   4.6 249 1016.2  24.6  24.9    MM   MM -0.6    MM
2017 05 10 14 50 230  8.0  9.0   1.3     6   4.6 260 1016.7  24.5  24.9    MM   MM +0.3    MM
2017 05 10 13 50 240  7.0  9.0   1.2     6   4.7 243 1017.1  24.5  24.9    MM   MM +0.7    MM
2017 05 10 12 50 250  7.0  8.0   1.3     5   4.7 270 1016.8  24.3  24.8    MM   MM +1.7    MM
2017 05 10 11 50 270  7.0  8.0   1.3     5   4.7 280 1016.4  24.3  24.9    MM   MM +2.3    MM
2017 05 10 10 50 280  8.0  9.0   1.2     5   4.4 265 1016.4  24.3  24.9    MM   MM +1.8    MM
2017 05 10 09 50 260  8.0 10.0   1.3     5   4.3 264 1015.1  24.2  24.9    MM   MM -0.0    MM
2017 05 10 08 50 240 10.0 11.0   1.2     5   4.5 264 1014.1  24.1  24.9    MM   MM -1.5    MM
2017 05 10 07 50 250  9.0 11.0   1.1     5   4.3 261 1014.6  24.1  25.0    MM   MM -1.3    MM
2017 05 10 06 50 250  9.0 10.0   1.2     5   4.2 300 1015.0  24.0  25.0    MM   MM -1.2    MM
2017 05 10 05 50 260  8.0 10.0   1.1     5   4.2 313 1015.6  24.0  25.0    MM   MM -0.4    MM
2017 05 10 04 50 250  9.0 10.0   1.1     8   4.4 100 1015.9  24.0  25.1    MM   MM +0.0    MM
2017 05 10 03 50 260  8.0 10.0   1.1     5   4.4 320 1016.2  24.0  25.2    MM   MM +0.8    MM
2017 05 10 02 50 260  8.0  9.0   0.9     5   4.3 277 1016.0  24.0  25.2    MM   MM +0.7    MM
2017 05 10 01 50 260  8.0  9.0   1.0     8   4.4 123 1015.8  23.9  25.2    MM   MM +0.4    MM
2017 05 10 00 50 270  7.0  8.0   0.9     5   4.2 277 1015.4  23.9  25.3    MM   MM -0.7    MM
2017 05 09 23 50 280  7.0  8.0   1.0     7   4.2 118 1015.3  24.1  25.3    MM   MM -0.9    MM
2017 05 09 22 50 260  8.0 10.0   1.0     8   4.2 130 1015.4  23.7  25.3    MM   MM -1.2    MM
2017 05 09 21 50 260  8.0  9.0   0.9     8   4.3 114 1016.1  23.7  25.3    MM   MM -0.8    MM
2017 05 09 20 50 260  7.0  9.0   0.8     8   4.3 121 1016.2  23.5  25.4    MM   MM -0.8    MM
2017 05 09 19 50 260  7.0  9.0   0.8     8   4.5 126 1016.6  23.4  25.4    MM   MM -0.7    MM
2017 05 09 18 50 260  6.0  8.0   0.8     8   5.5 116 1016.9  23.3  25.5    MM   MM -0.9    MM
2017 05 09 17 50 240  5.0  8.0   0.8     8   6.0 105 1017.0  23.1  25.6    MM   MM -0.7    MM
2017 05 09 16 50 240  4.0  6.0   0.8     7   5.7 101 1017.3  22.9  25.5    MM   MM +0.0    MM
2017 05 09 15 50 260  4.0  5.0   0.9     8   5.8 132 1017.8  22.7  25.4    MM   MM +0.7    MM
2017 05 09 14 50 260  2.0  4.0   0.8     8   5.6 119 1017.7  22.6  25.3    MM   MM +0.9    MM
2017 05 09 13 50  MM  0.0  1.0   0.9     8   5.7 113 1017.3  22.4  25.1    MM   MM +1.0    MM
2017 05 09 12 50 260  1.0  1.0   1.0     8   5.7 139 1017.1  22.3  25.0    MM   MM +1.5    MM
2017 05 09 11 50  10  1.0  2.0   0.9     8   5.3 133 1016.8  22.4  24.9    MM   MM +1.3    MM
2017 05 09 10 50  10  3.0  4.0   0.9     8   5.3 120 1016.3  22.2  24.9    MM   MM +1.0    MM
2017 05 09 09 50 350  4.0  6.0   0.9     8   5.2 128 1015.6  22.0  24.9    MM   MM +0.4    MM
2017 05 09 08 50 350  4.0  6.0   1.0     8   5.4 138 1015.5  21.9  24.9    MM   MM +0.0    MM
2017 05 09 07 50 350  5.0  6.0   0.9     8   5.1 137 1015.3  22.0  24.9    MM   MM -0.3    MM
2017 05 09 06 50 340  4.0  6.0   0.9     8   5.1 137 1015.2  22.1  24.9    MM   MM -0.4    MM
2017 05 09 05 50 350  4.0  6.0   0.9     7   5.1 122 1015.3  22.1  24.9    MM   MM -0.3    MM
2017 05 09 04 50 360  4.0  6.0   1.0     8   4.8 134 1015.6  22.1  25.0    MM   MM +0.3    MM
2017 05 09 03 50 340  5.0  7.0   1.0     8   4.6 126 1015.6  22.7  25.0    MM   MM +0.9    MM
2017 05 09 02 50 330  7.0  9.0   0.9     7   4.5 139 1015.6  22.8  25.0    MM   MM +1.1    MM
2017 05 09 01 50 320  7.0  9.0   1.0     7   4.4 129 1015.3  23.2  25.1    MM   MM +1.2    MM
2017 05 09 00 50 270  6.0  7.0   0.9     8   4.8 109 1014.7  23.6  25.1    MM   MM +0.6    MM
2017 05 08 23 50 240  6.0  8.0   0.9     8   4.8 117 1014.5  23.1  25.1    MM   MM -0.0    MM
2017 05 08 22 50 240  6.0  7.0   0.9     7   5.1 103 1014.1  22.8  25.2    MM   MM -0.3    MM
2017 05 08 21 50 250  5.0  7.0   0.9     8   5.3 106 1014.1  22.7  25.2    MM   MM -1.1    MM
2017 05 08 20 50 250  4.0  6.0   1.0     8   5.1 126 1014.3  22.5  25.2    MM   MM -1.7    MM
2017 05 08 19 50 260  5.0  7.0   1.0     8   5.3 129 1014.4  22.4  25.2    MM   MM -2.1    MM
2017 05 08 18 50 270  5.0  7.0   1.0     6   5.5 264 1015.2  22.2  25.2    MM   MM -1.7    MM
2017 05 08 17 50 290  5.0  6.0   1.0     8   5.4 123 1016.0  22.0  25.2    MM   MM -1.1    MM
2017 05 08 16 50 300  4.0  6.0   1.1     8   5.6 133 1016.5  21.7  25.1    MM   MM +0.0    MM
2017 05 08 15 50 280  5.0  6.0   1.2     6   5.5 283 1016.9  21.5  25.1    MM   MM +0.0    MM
2017 05 08 14 50 290  4.0  6.0   1.2     6   5.6 274 1017.1  21.3  25.0    MM   MM +0.7    MM
2017 05 08 13 50 290  4.0  6.0   1.4     7   5.6 243 1016.6  21.3  25.0    MM   MM +0.7    MM
2017 05 08 12 50 300  4.0  6.0   1.4     7   5.9 267 1016.7  21.1  24.9    MM   MM +1.4    MM
2017 05 08 11 50 290  4.0  6.0   1.3     8   5.7 126 1016.4  21.1  24.8    MM   MM +1.5    MM
2017 05 08 10 50 300  4.0  5.0   1.3     8   5.7 167 1015.9  20.9  24.6    MM   MM +1.1    MM
2017 05 08 09 50 320  5.0  6.0   1.3     8   5.4 165 1015.3  20.7  24.4    MM   MM +0.4    MM
2017 05 08 08 50 310  6.0  8.0   1.4     8   5.7 216 1014.9  20.9  24.3    MM   MM +0.0    MM
2017 05 08 07 50 300  5.0  7.0   1.5     8   5.8 168 1014.8  20.9  24.3    MM   MM -0.3    MM
2017 05 08 06 50 300  6.0  9.0   1.5     7   5.7 280 1014.9  21.1  24.4    MM   MM +0.0    MM
2017 05 08 05 50 290  6.0  8.0   1.6     8   5.9 253 1014.9  21.2  24.4    MM   MM +0.0    MM
2017 05 08 04 50 280  6.0  7.0   1.5     8   5.7 198 1015.1  21.2  24.6    MM   MM +0.7    MM
2017 05 08 03 50 300  6.0  8.0   1.6     8   5.8 251 1015.0  21.4  24.8    MM   MM +1.2    MM
2017 05 08 02 50 280  6.0  8.0   1.8     8   6.0 302 1014.8  21.6  24.9    MM   MM +1.6    MM
2017 05 08 01 50 290  5.0  7.0   1.9     7   6.1 312 1014.4  21.6  24.9    MM   MM +1.8    MM
2017 05 08 00 50 290  5.0  7.0   2.1     7   6.1 326 1013.8  21.5  25.0    MM   MM +1.5    MM
2017 05 07 23 50 300  4.0  6.0   2.1     8   6.1 314 1013.2  21.4  25.1    MM   MM +0.9    MM
2017 05 07 22 50 300  5.0  7.0   1.9     8   5.8 284 1012.6  21.5  25.2    MM   MM +0.5    MM
2017 05 07 21 50 310  6.0  8.0   1.9     7   5.8 287 1012.3  21.7  25.2    MM   MM +0.0    MM
2017 05 07 20 50 310  6.0  7.0   2.1     7   5.8 292 1012.3  22.0  25.2    MM   MM +0.0    MM
2017 05 07 19 50 310  7.0  9.0   2.3     8   5.8 267 1012.1  22.4  25.1    MM   MM -0.3    MM
2017 05 07 18 50 310  9.0 11.0   2.5     8   5.9 252 1012.2  22.9  25.1    MM   MM -0.4    MM
2017 05 07 17 50 270  9.0 11.0   2.3     8   5.9 237 1012.4  23.7  25.1    MM   MM -0.3    MM
2017 05 07 16 50 260  9.0 12.0   2.3     7   5.8 251 1012.4  23.9  25.1    MM   MM +0.0    MM
2017 05 07 15 50 260  9.0 11.0   2.2     7   5.8 227 1012.6  23.7  25.1    MM   MM +0.7    MM
2017 05 07 14 50 280  9.0 11.0   2.3     8   5.9 228 1012.7  23.3  25.1    MM   MM +1.0    MM
2017 05 07 13 50 300  9.0 12.0   2.3     8   5.9 233 1012.3  22.8  25.0    MM   MM +0.9    MM
2017 05 07 12 50 230 10.0 12.0   2.4     8   6.0 184 1011.9  23.7  25.0    MM   MM +0.9    MM
2017 05 07 11 50 230 10.0 13.0   2.2     8   6.0 226 1011.7  23.5  24.9    MM   MM +1.0    MM
2017 05 07 10 50 230  9.0 11.0   2.4     8   6.2 223 1011.4  23.1  24.9    MM   MM +0.6    MM
2017 05 07 09 50 220  9.0 10.0   2.4     9   6.4 225 1011.0  22.6  24.9    MM   MM -0.0    MM
2017 05 07 08 50 240  9.0 10.0   2.5     9   6.6 222 1010.7  22.6  24.9    MM   MM -0.4    MM
2017 05 07 07 50 240  8.0 10.0   2.6     8   6.7 207 1010.8  22.3  25.0    MM   MM -0.4    MM
2017 05 07 06 50 240  7.0  9.0   2.7    10   7.1 238 1011.0  22.1  25.0    MM   MM +0.0    MM
2017 05 07 05 50 250  8.0  9.0   3.0    10   7.2 239 1011.1  21.9  25.1    MM   MM +0.3    MM
2017 05 07 04 50 250  6.0  8.0   3.1    10   7.2 258 1011.2  21.7  25.1    MM   MM +1.1    MM
2017 05 07 03 50 260  7.0  9.0   3.1     9   7.1 260 1011.0  21.6  25.1    MM   MM +1.9    MM
2017 05 07 02 50 270  6.0  8.0   3.5     9   7.4 265 1010.8  21.4  25.2    MM   MM +2.7    MM
2017 05 07 01 50 270  8.0 11.0   3.3    10   7.0 256 1010.1  21.4  25.2    MM   MM +2.9    MM
2017 05 07 00 50 270  9.0 11.0   3.5     9   7.0 264 1009.1  21.2  25.2    MM   MM +2.4    MM
2017 05 06 23 50 280 10.0 12.0   3.9     9   7.2 265 1008.1  21.1  25.2    MM   MM +2.4    MM
2017 05 06 22 50 270 10.0 12.0   4.1     9   7.3 262 1007.2  21.4  25.3    MM   MM +1.8    MM
2017 05 06 21 50 270 11.0 14.0   4.2     8   7.2 243 1006.7  21.6  25.3    MM   MM +1.4    MM
2017 05 06 20 50 260 13.0 15.0   4.1     9   7.2 244 1005.7  22.0  25.3    MM   MM +0.5    MM
2017 05 06 19 50 250 13.0 17.0   3.7     8   6.8 238 1005.4  22.0  25.3    MM   MM +0.0    MM
2017 05 06 18 50 250 13.0 17.0   3.6     9   6.8 239 1005.3  22.2  25.3    MM   MM +0.3    MM
2017 05 06 17 50 240 13.0 16.0   3.1     8   6.4 221 1005.2  22.8  25.3    MM   MM +0.5    MM
2017 05 06 16 50 250 13.0 16.0   3.1     9   6.3 246 1005.2  22.7  25.3    MM   MM +0.6    MM
2017 05 06 15 50 240 13.0 16.0   3.1     8   6.4 207 1005.0  23.0  25.3    MM   MM +0.6    MM
2017 05 06 14 50 220 13.0 15.0   3.1     8   6.4 219 1004.7  23.1  25.3    MM   MM +0.5    MM
2017 05 06 13 50 240 10.0 13.0   3.2     8   6.3 223 1004.6  22.8  25.2    MM   MM +0.3    MM
2017 05 06 12 50 210 13.0 15.0   3.2     8   6.5 212 1004.4  24.0  25.2    MM   MM +0.6    MM
2017 05 06 11 50 200 13.0 15.0   2.8     8   6.5 162 1004.2  24.0  25.3    MM   MM +0.6    MM
2017 05 06 10 50 200  8.0  9.0   2.8     8   6.5 168 1004.3  22.9  25.3    MM   MM -0.0    MM
2017 05 06 09 50 190  6.0  8.0   2.7     8   6.6 174 1003.8  22.4  25.3    MM   MM +0.0    MM
2017 05 06 08 50 190  5.0  7.0   3.0     8   6.7 173 1003.6  22.4  25.3    MM   MM -0.6    MM
2017 05 06 07 50 210  5.0  6.0   2.8     8   6.5 155 1004.2  22.2  25.3    MM   MM -0.6    MM
2017 05 06 06 50 270  6.0  8.0   2.7     8   6.4 187 1003.9  21.7  25.3    MM   MM -1.3    MM
2017 05 06 05 50 270  9.0 12.0   3.0     8   6.4 189 1004.2  20.5  25.3    MM   MM -1.4    MM
2017 05 06 04 50 230 10.0 12.0   3.1     8   6.3 181 1004.8  20.9  25.3    MM   MM -1.0    MM
2017 05 06 03 50 180 11.0 13.0   3.0     8   6.4 184 1005.2  23.7  25.4    MM   MM +0.0    MM
2017 05 06 02 50 180 11.0 13.0   3.4     8   6.5 179 1005.6  23.7  25.4    MM   MM +0.0    MM
2017 05 06 01 50 200 14.0 16.0   3.4     8   6.3 145 1005.8  23.6  25.4    MM   MM +0.4    MM
2017 05 06 00 50 180 14.0 17.0   3.1     8   6.3 151 1005.4  23.7  25.4    MM   MM +0.0    MM
2017 05 05 23 50 180 11.0 13.0   3.0     8   6.3 165 1005.4  23.2  25.4    MM   MM +0.0    MM
2017 05 05 22 50 190 12.0 14.0   3.0     7   6.0 162 1005.4  23.0  25.4    MM   MM -0.5    MM
2017 05 05 21 50 180 13.0 17.0   2.9     8   5.9 140 1005.3  25.0  25.5    MM   MM -0.7    MM
2017 05 05 20 50 180 14.0 17.0   3.0     7   6.0 155 1005.4  24.9  25.5    MM   MM -1.5    MM
2017 05 05 19 50 170 11.0 13.0   3.0     7   5.9 144 1005.9  24.3  25.5    MM   MM -1.1    MM
2017 05 05 18 50 180 15.0 18.0   3.0     7   5.9 149 1006.0  24.9  25.5    MM   MM -1.7    MM
2017 05 05 17 50 180 14.0 18.0   2.7     7   5.8 134 1006.9  24.9  25.5    MM   MM -1.1    MM
2017 05 05 16 50 170 14.0 16.0   2.7     7   5.7 139 1007.0  24.8  25.5    MM   MM -1.2    MM
2017 05 05 15 50 170 14.0 17.0   2.7     7   5.6 140 1007.7  24.8  25.5    MM   MM -1.0    MM
2017 05 05 14 50 170 14.0 17.0   2.6     7   5.6 137 1008.0  24.8  25.5    MM   MM -0.7    MM
2017 05 05 13 50 170 14.0 16.0   2.5     7   5.5 140 1008.2  24.6  25.4    MM   MM -0.3    MM
2017 05 05 12 50 170 13.0 16.0   2.3     6   5.3 144 1008.7  24.7  25.4    MM   MM +0.5    MM
2017 05 05 11 50 170 13.0 16.0   2.2     6   5.1 137 1008.7  24.5  25.3    MM   MM -0.5    MM
2017 05 05 10 50 160 13.0 16.0   1.9     5   4.8 129 1008.5  24.4  25.2    MM   MM -1.2    MM
2017 05 05 09 50 150 13.0 16.0   1.8     6   4.8 126 1008.2  24.2  25.1    MM   MM -2.4    MM
2017 05 05 08 50 160 11.0 15.0   1.9     6   4.8 128 1009.2  24.2  24.9    MM   MM -2.5    MM
2017 05 05 07 50 160 12.0 15.0   1.7     6   4.8 118 1009.7  24.1  24.7    MM   MM -2.9    MM
2017 05 05 06 50 160 10.0 12.0   1.8     5   4.8 126 1010.6  23.8  24.6    MM   MM -2.6    MM
2017 05 05 05 50 160 11.0 13.0   1.7     5   4.8 128 1011.7  24.1  24.6    MM   MM -1.8    MM
2017 05 05 04 50 150 11.0 14.0   1.7     5   4.7 133 1012.6  24.1  24.7    MM   MM -1.3    MM
2017 05 05 03 50 150 10.0 13.0   1.6     6   4.7  43 1013.2  24.0  24.7    MM   MM -1.0    MM
2017 05 05 02 50 150 11.0 13.0   1.5     7   4.7  62 1013.5  24.0  24.7    MM   MM -0.5    MM
2017 05 05 01 50 140 10.0 12.0   1.4     5   4.6  76 1013.9  23.9  24.6    MM   MM +0.0    MM
2017 05 05 00 50 150  9.0 11.0   1.4     6   4.6  57 1014.2  24.0  24.5    MM   MM +0.0    MM
2017 05 04 23 50 140  9.0 10.0   1.3     6   4.6  52 1014.0  24.0  24.5    MM   MM -0.5    MM
2017 05 04 22 50 140  8.0 10.0   1.2     6   4.4  50 1014.1  24.0  24.5    MM   MM -1.0    MM
2017 05 04 21 50 140  8.0 10.0   1.3     5   4.4  77 1014.3  24.0  24.4    MM   MM -1.5    MM
2017 05 04 20 50 130  8.0  9.0   1.4     6   4.5  52 1014.5  23.9  24.4    MM   MM -1.7    MM
2017 05 04 19 50 130  8.0  9.0   1.3     5   4.6  58 1015.1  23.9  24.4    MM   MM -1.6    MM
2017 05 04 18 50 130  9.0 11.0   1.3     5   4.5  72 1015.8  23.3  24.4    MM   MM -1.4    MM
2017 05 04 17 50 120  8.0  9.0   1.4     5   4.5  81 1016.2  23.6  24.4    MM   MM -1.3    MM
2017 05 04 16 50 120  9.0 10.0   1.4     5   4.5  96 1016.7  23.5  24.4    MM   MM -1.2    MM
2017 05 04 15 50  90 10.0 11.0   1.5     5   4.5  98 1017.2  23.0  24.4    MM   MM -1.0    MM
2017 05 04 14 50 110 10.0 12.0   1.4     5   4.3 101 1017.5  23.4  24.3    MM   MM +0.0    MM
2017 05 04 13 50 110  9.0 11.0   1.2     4   4.3  98 1017.9  23.5  24.5    MM   MM +0.7    MM
2017 05 04 12 50  90  7.0  9.0   1.1     8   4.5 128 1018.2  22.1  24.6    MM   MM +1.0    MM
2017 05 04 11 50  90  8.0 10.0   1.0     8   4.4 131 1017.3  24.0  24.6    MM   MM +0.0    MM
2017 05 04 10 50  90  8.0  9.0   1.0     8   4.8 118 1017.2  23.9  24.6    MM   MM +0.0    MM
2017 05 04 09 50  90  7.0  8.0   0.9     8   4.9 119 1017.2  23.6  24.6    MM   MM -0.3    MM
2017 05 04 08 50  80  7.0  8.0   0.9     8   5.1 122 1017.2  23.5  24.7    MM   MM -0.8    MM
2017 05 04 07 50  80  6.0  7.0   0.9     8   5.5 115 1017.1  23.6  24.7    MM   MM -1.3    MM
2017 05 04 06 50  80  5.0  6.0   1.0     7   5.7 123 1017.5  23.6  24.6    MM   MM -1.5    MM
2017 05 04 05 50  70  4.0  5.0   1.0     7   5.8 128 1018.0  23.4  24.6    MM   MM -1.2    MM
2017 05 04 04 50  90  4.0  5.0   1.1     7   5.7 118 1018.4  23.3  24.7    MM   MM -0.6    MM
2017 05 04 03 50  80  3.0  4.0   1.1     8   5.8 123 1019.0  23.3  24.7    MM   MM +0.4    MM
2017 05 04 02 50 100  2.0  3.0   1.2     8   5.9 123 1019.2  23.3  24.8    MM   MM +1.8    MM
2017 05 04 01 50 120  2.0  3.0   1.2     8   5.8 118 1019.0  23.5  24.9    MM   MM +2.6    MM
2017 05 04 00 50 160  2.0  3.0   1.2     6   5.6 185 1018.6  23.5  25.0    MM   MM +1.9    MM
2017 05 03 23 50 130  3.0  4.0   1.2     8   5.8 105 1017.4  23.9  25.2    MM   MM +0.7    MM
2017 05 03 22 50 130  4.0  5.0   1.2     7   5.7 119 1016.4  24.2  25.5    MM   MM -0.5    MM
2017 05 03 21 50  90  2.0  3.0   1.3     6   5.7 231 1016.7  24.5  25.5    MM   MM -0.5    MM
2017 05 03 20 50 100  3.0  3.0   1.3     7   5.6 224 1016.7  24.4  25.5    MM   MM -0.9    MM
2017 05 03 19 50  90  2.0  2.0   1.3     6   5.6 263 1016.9  24.4  26.2    MM   MM -1.0    MM
2017 05 03 18 50  60  2.0  3.0   1.4     6   5.7 248 1017.2  24.3  26.4    MM   MM -0.9    MM
2017 05 03 17 50  60  1.0  2.0   1.3     7   5.6 247 1017.6  24.4  26.1    MM   MM -0.6    MM
2017 05 03 16 50  80  1.0  3.0   1.4     6   5.7 238 1017.9  24.4  25.3    MM   MM +0.0    MM
2017 05 03 15 50  30  2.0  3.0   1.3     7   5.7 243 1018.1  24.0  25.2    MM   MM +0.6    MM
2017 05 03 14 50  30  2.0  3.0   1.5     6   5.7 244 1018.2  23.9  25.2    MM   MM +1.2    MM
2017 05 03 13 50  30  3.0  4.0   1.5     7   5.7 231 1018.0  23.8  25.0    MM   MM +1.4    MM
2017 05 03 12 50  10  4.0  6.0   1.5     7   5.5 233 1017.5  23.9  25.0    MM   MM +2.0    MM
2017 05 03 11 50 340  5.0  7.0   1.7     7   5.6 239 1017.0  24.0  25.1    MM   MM +1.8    MM
2017 05 03 10 50 330  6.0  7.0   1.8     7   5.8 245 1016.6  24.1  25.1    MM   MM +1.5    MM
2017 05 03 09 50 320  7.0  8.0   1.7     7   5.6 253 1015.5  24.0  25.0    MM   MM +0.6    MM
2017 05 03 08 50 300  7.0  9.0   1.7     8   5.5 255 1015.2  24.1  25.0    MM   MM -0.0    MM
2017 05 03 07 50 300  7.0  9.0   1.9     6   5.7 226 1015.1  23.6  25.2    MM   MM -0.6    MM
2017 05 03 06 50 260  7.0 10.0   1.6     8   5.6 234 1014.9  24.1  25.2    MM   MM -1.2    MM
2017 05 03 05 50 250  8.0  9.0   1.9     7   5.7 221 1015.4  24.2  25.2    MM   MM -0.7    MM
2017 05 03 04 50 240  7.0  8.0   1.8     6   5.7 198 1015.7  24.0  25.2    MM   MM +0.0    MM
2017 05 03 03 50 230  7.0  9.0   2.1     8   6.0 210 1016.1  24.1  25.3    MM   MM +0.8    MM
2017 05 03 02 50 230  7.0  9.0   2.0     7   5.8 207 1016.1  24.1  25.3    MM   MM +1.3    MM
2017 05 03 01 50 230  8.0  9.0   2.1     7   5.8 213 1015.8  24.1  25.2    MM   MM +1.3    MM
2017 05 03 00 50 230  9.0 10.0   2.3     8   5.9 218 1015.3  24.1  24.8    MM   MM +0.6    MM
2017 05 02 23 50 210 10.0 12.0   2.2     7   5.7 183 1014.8  24.2  24.6    MM   MM -0.0    MM
2017 05 02 22 50 190 11.0 14.0   2.2     7   5.8 176 1014.5  24.1  24.5    MM   MM   MM    MM
2017 05 02 21 50 190 10.0 13.0   2.1     7   5.8 166 1014.7  24.2  24.6    MM   MM -1.3    MM
2017 05 02 20 50 190 11.0 13.0   2.1     7   5.7 177 1014.7  24.1  24.7    MM   MM -2.2    MM
2017 05 02 19 50 190 11.0 13.0   2.0     6   5.8 170 1015.3  24.1  24.8    MM   MM -2.0    MM
2017 05 02 18 50 190 10.0 12.0   1.9     7   5.6 144 1016.0  24.1  24.8    MM   MM -1.6    MM
2017 05 02 17 50 190 10.0 12.0   2.0     7   5.6 171 1016.9  23.9  24.7    MM   MM -1.1    MM
2017 05 02 16 50 190 10.0 12.0   1.9     7   5.6 156 1017.3  24.0  24.9    MM   MM -0.6    MM
2017 05 02 15 50 190  9.0 11.0   1.9     7   5.6 157 1017.6  23.9  25.0    MM   MM -0.4    MM
2017 05 02 14 50 190 10.0 13.0   2.1     6   5.7 152 1018.0  23.8  25.0    MM   MM +0.3    MM
2017 05 02 13 50 180 10.0 11.0   2.1     7   5.7 143 1017.9  23.8  24.9    MM   MM +0.8    MM
2017 05 02 12 50 190 10.0 13.0   2.0     7   5.7 153 1018.0  23.8  24.8    MM   MM +1.1    MM
2017 05 02 11 50 180 10.0 12.0   2.2     7   5.6 157 1017.7  23.8  24.8    MM   MM +1.2    MM
2017 05 02 10 50 180 11.0 13.0   2.3     6   5.6 166 1017.1  23.7  24.8    MM   MM +1.0    MM
2017 05 02 09 50 190 10.0 13.0   2.3     7   5.5 164 1016.9  23.7  24.8    MM   MM +0.7    MM
2017 05 02 08 50 180 11.0 13.0   2.0     6   5.3 169 1016.5  23.6  24.7    MM   MM -0.6    MM
2017 05 02 07 50 180 11.0 14.0   2.0     6   5.3 162 1016.1  23.7  24.8    MM   MM -1.7    MM
2017 05 02 06 50 170 12.0 14.0   2.0     6   5.3 149 1016.2  23.6  24.9    MM   MM -2.0    MM
2017 05 02 05 50 180 11.0 13.0   1.9     6   5.2 151 1017.1  23.7  24.9    MM   MM -1.2    MM
2017 05 02 04 50 180 10.0 13.0   1.8     6   5.1 151 1017.8  23.8  24.9    MM   MM -0.8    MM
2017 05 02 03 50 170 10.0 12.0   1.7     5   5.2 156 1018.2  23.8  24.9    MM   MM -0.6    MM
2017 05 02 02 50 160 11.0 13.0   1.6     5   5.1 155 1018.3  23.7  24.9    MM   MM -0.5    MM
2017 05 02 01 50 170 11.0 13.0   1.6     7   5.2 150 1018.6  23.8  24.9    MM   MM -0.4    MM
2017 05 02 00 50 170  9.0 11.0   1.6     8   5.1 135 1018.8  23.7  24.8    MM   MM -0.9    MM
2017 05 01 23 50 170  9.0 10.0   1.4     6   5.0 164 1018.8  23.8  24.7    MM   MM -1.1    MM
2017 05 01 22 50 170  9.0 10.0   1.5     8   5.1 143 1019.0  23.8  24.7    MM   MM -1.5    MM
2017 05 01 21 50 180  8.0  9.0   1.4     7   5.0 160 1019.7  23.8  24.6    MM   MM -1.6    MM
2017 05 01 20 50 170  8.0 10.0   1.3     7   5.0 139 1019.9  23.7  24.5    MM   MM -2.2    MM
2017 05 01 19 50 170  8.0  9.0   1.3     6   4.9 149 1020.5  23.7  24.5    MM   MM -1.8    MM
2017 05 01 18 50 170  8.0  9.0   1.3     8   5.0 134 1021.3  23.7  24.5    MM   MM -1.6    MM
2017 05 01 17 50 180  8.0  9.0   1.3     5   4.9 160 1022.1  23.6  24.4    MM   MM -0.6    MM
2017 05 01 16 50 170  8.0  9.0   1.2     5   4.8 144 1022.3  23.5  24.4    MM   MM -0.3    MM
2017 05 01 15 50 170  7.0  9.0   1.4     5   4.9 143 1022.9  23.4  24.3    MM   MM -0.0    MM
2017 05 01 14 50 170  8.0  9.0   1.4     8   5.0 133 1022.7  23.4  24.3    MM   MM +0.0    MM
2017 05 01 13 50 170  9.0 11.0   1.4     8   5.0 123 1022.6  23.4  24.2    MM   MM +0.6    MM
2017 05 01 12 50 180  8.0  9.0   1.2     8   4.9 126 1023.1  23.4  24.2    MM   MM +1.2    MM
2017 05 01 11 50 180  7.0  8.0   1.1     8   4.8 129 1022.6  23.3  24.2    MM   MM +0.8    MM
2017 05 01 10 50 180  8.0  9.0   1.4     8   5.2 130 1022.0  23.1  24.2    MM   MM +0.0    MM
2017 05 01 09 50 170  7.0  9.0   1.2     8   5.0 126 1021.9  23.0  24.2    MM   MM -0.6    MM
2017 05 01 08 50 170  8.0  9.0   1.2     8   5.0 133 1021.8  23.0  24.3    MM   MM -1.4    MM
2017 05 01 07 50 170  8.0  9.0   1.1     7   5.2 133 1021.8  23.1  24.3    MM   MM -2.1    MM
2017 05 01 06 50 170  5.0  7.0   1.2     7   5.4 134 1022.5  23.1  24.4    MM   MM -1.5    MM
2017 05 01 05 50 160  5.0  6.0   1.0     7   5.0 122 1023.2  23.1  24.4    MM   MM -1.1    MM
2017 05 01 04 50 150  6.0  7.0   1.1     7   5.2 132 1023.9  23.4  24.4    MM   MM -0.3    MM
2017 05 01 03 50 150  6.0  8.0   1.1     7   5.4 134 1024.0  23.4  24.5    MM   MM -0.3    MM
2017 05 01 02 50 140  6.0  7.0   1.1     8   5.1 113 1024.3  23.4  24.5    MM   MM +0.0    MM
2017 05 01 01 50 150  6.0  7.0   1.1     8   5.6 111 1024.2  23.4  24.5    MM   MM +0.5    MM
2017 05 01 00 50 140  5.0  7.0   1.0     8   5.5 110 1024.3  23.5  24.6    MM   MM +0.7    MM
2017 04 30 23 50 130  5.0  6.0   1.0     7   5.3 135 1024.3  23.5  24.7    MM   MM +0.3    MM
2017 04 30 22 50 140  4.0  5.0   1.0     7   5.3 142 1023.7  23.5  24.7    MM   MM -0.5    MM
2017 04 30 21 50 160  4.0  5.0   1.0     7   5.2 148 1023.6  23.5  24.7    MM   MM -1.1    MM
2017 04 30 20 50 180  3.0  4.0   1.0     7   5.2 121 1024.0  23.6  24.7    MM   MM -0.7    MM
2017 04 30 19 50 160  4.0  5.0   1.0     6   5.1 145 1024.2  23.6  24.6    MM   MM -0.6    MM
2017 04 30 18 50 160  5.0  6.0   1.0     8   4.9  62 1024.7  23.6  24.6    MM   MM -0.6    MM
2017 04 30 17 50 160  6.0  7.0   1.0     8   4.9  72 1024.7  23.6  24.5    MM   MM -0.6    MM
2017 04 30 16 50 160  6.0  7.0   1.0     6   5.1 144 1024.8  23.5  24.5    MM   MM -0.4    MM
2017 04 30 15 50 160  6.0  7.0   1.0     6   5.1 128 1025.3  23.4  24.4    MM   MM -0.3    MM
2017 04 30 14 50 150  6.0  7.0   1.0     6   5.1 174 1025.3  23.3  24.4    MM   MM -0.3    MM
2017 04 30 13 50 150  6.0  7.0   0.9     6   5.2 137 1025.2  23.2  24.3    MM   MM +0.0    MM
2017 04 30 12 50 150  5.0  6.0   1.0     6   5.2 139 1025.6  23.3  24.2    MM   MM +1.1    MM
2017 04 30 11 50 150  5.0  5.0   0.9     8   5.2  72 1025.6  23.2  24.2    MM   MM +1.3    MM
2017 04 30 10 50 150  4.0  5.0   0.9     7   5.1 141 1025.0  23.1  24.2    MM   MM +0.7    MM
2017 04 30 09 50 150  5.0  6.0   0.9     6   5.0 157 1024.5  23.1  24.2    MM   MM +0.4    MM
2017 04 30 08 50 160  5.0  5.0   0.9     6   5.0 172 1024.3  23.1  24.3    MM   MM -0.3    MM
2017 04 30 07 50 160  6.0  7.0   0.9     9   5.0  60 1024.3  23.2  24.3    MM   MM -0.6    MM
2017 04 30 06 50 160  6.0  7.0   0.9     7   5.0 120 1024.1  23.3  24.3    MM   MM -0.6    MM
2017 04 30 05 50 180  5.0  6.0   0.9     6   4.8 168 1024.6  23.3  24.3    MM   MM +0.0    MM
2017 04 30 04 50 180  5.0  6.0   0.8     7   4.8 105 1024.9  23.4  24.3    MM   MM +0.0    MM
2017 04 30 03 50 170  6.0  6.0   0.9     7   4.9 119 1024.7  23.5  24.4    MM   MM -0.3    MM
2017 04 30 02 50 170  5.0  6.0   0.9     7   4.9  79 1024.8  23.6  24.4    MM   MM +0.0    MM
2017 04 30 01 50 170  5.0  6.0   0.9     7   4.9 118 1025.0  23.7  24.4    MM   MM +0.4    MM
2017 04 30 00 50 170  4.0  5.0   0.9     6   5.1 127 1025.0  23.7  24.4    MM   MM +0.6    MM
2017 04 29 23 50 160  5.0  5.0   0.9     7   5.0  82 1024.8  23.7  24.5    MM   MM +0.4    MM
2017 04 29 22 50 160  6.0  7.0   0.9     7   4.9  84 1024.6  23.8  24.5    MM   MM -0.0    MM
2017 04 29 21 50 150  7.0  8.0   0.9     8   4.7  64 1024.4  23.9  24.6    MM   MM -1.0    MM
2017 04 29 20 50 150  6.0  7.0   0.9     7   4.9  84 1024.4  24.0  24.6    MM   MM -1.2    MM
2017 04 29 19 50 160  5.0  6.0   0.9     7   5.1  77 1024.7  24.0  24.6    MM   MM -1.3    MM
2017 04 29 18 50 160  5.0  6.0   0.9     5   5.0 205 1025.4  23.9  24.6    MM   MM -0.5    MM
2017 04 29 17 50 150  5.0  6.0   0.9     8   5.1  56 1025.6  23.9  24.6    MM   MM -0.4    MM
2017 04 29 16 50 150  4.0  5.0   1.0     7   5.2  76 1026.0  23.8  24.5    MM   MM +0.0    MM
2017 04 29 15 50 150  5.0  6.0   0.9     7   5.2  92 1025.9  23.7  24.4    MM   MM +0.3    MM
2017 04 29 14 50 150  5.0  6.0   0.9     7   5.2 120 1026.0  23.7  24.2    MM   MM +0.8    MM
2017 04 29 13 50 160  4.0  5.0   1.0     7   5.2  91 1025.9  23.6  24.2    MM   MM +1.5    MM
2017 04 29 12 50 170  4.0  5.0   1.0     7   5.0 105 1025.6  23.6  24.1    MM   MM +2.1    MM
2017 04 29 11 50 150  5.0  5.0   1.1     7   5.0 107 1025.2  23.6  24.2    MM   MM +1.7    MM
2017 04 29 10 50 180  5.0  6.0   1.0     7   4.8 102 1024.4  23.2  24.2    MM   MM +1.1    MM
2017 04 29 09 50 170  6.0  7.0   1.0     8   4.7  61 1023.5  23.1  24.1    MM   MM -0.0    MM
2017 04 29 08 50 160  6.0  7.0   1.0     7   4.7  87 1023.5  23.1  23.7    MM   MM -0.3    MM
2017 04 29 07 50 160  7.0  8.0   1.1     7   4.8  76 1023.3  23.2  23.6    MM   MM -1.0    MM
2017 04 29 06 50 150  7.0  8.0   1.1     8   4.9  57 1023.6  23.3  23.5    MM   MM -1.3    MM
2017 04 29 05 50 160  7.0  9.0   1.1     8   4.9  62 1023.8  23.3  23.5    MM   MM -0.9    MM
2017 04 29 04 50 150  7.0  9.0   1.0     8   5.0  51 1024.3  23.4  23.6    MM   MM +0.0    MM
2017 04 29 03 50 150  6.0  7.0   1.0     8   5.3  51 1024.9  23.6  23.9    MM   MM +1.0    MM
2017 04 29 02 50 140  6.0  7.0   1.0     8   5.4  77 1024.7  23.7  24.3    MM   MM +1.3    MM
2017 04 29 01 50 140  6.0  7.0   1.0     7   5.6  75 1024.5  23.7  24.3    MM   MM +1.5    MM
2017 04 29 00 50 150  4.0  5.0   1.1     8   5.5  90 1023.9  23.8  24.3    MM   MM +1.3    MM
2017 04 28 23 50 170  4.0  4.0   1.1     8   5.5  70 1023.4  23.9  24.4    MM   MM +1.0    MM
2017 04 28 22 50 170  4.0  4.0   1.1     5   5.3 143 1023.0  24.0  24.5    MM   MM +0.7    MM
2017 04 28 21 50 180  5.0  5.0   1.1     8   5.3  63 1022.6  24.1  24.6    MM   MM +0.3    MM
2017 04 28 20 50 170  5.0  6.0   1.1     7   5.1  77 1022.4  24.0  24.6    MM   MM +0.0    MM
2017 04 28 19 50 180  6.0  7.0   1.2     6   5.2 169 1022.3  24.1  24.5    MM   MM -0.3    MM
2017 04 28 18 50 160  6.0  7.0   1.3     5   5.4 172 1022.3  24.0  24.5    MM   MM -0.4    MM
2017 04 28 17 50 170  6.0  7.0   1.2     8   5.4  80 1022.5  24.2  24.5    MM   MM +0.0    MM
2017 04 28 16 50 190  5.0  6.0   1.1     8   5.5  64 1022.6  24.2  24.4    MM   MM +0.7    MM
2017 04 28 15 50 180  5.0  6.0   1.1     8   5.4  90 1022.7  24.1  24.3    MM   MM +1.1    MM
2017 04 28 14 50 190  5.0  6.0   1.1     8   5.5  85 1022.4  24.0  24.2    MM   MM +1.1    MM
2017 04 28 13 50 180  6.0  7.0   1.1     7   5.3  86 1021.9  23.9  24.1    MM   MM +1.5    MM
2017 04 28 12 50 180  6.0  7.0   1.3     7   5.5  80 1021.6  23.9  24.1    MM   MM +2.4    MM
2017 04 28 11 50 190  6.0  7.0   1.3     5   5.3 189 1021.3  23.8  24.0    MM   MM +2.9    MM
2017 04 28 10 50 180  7.0  8.0   1.3     6   5.4 190 1020.4  23.7  24.0    MM   MM +2.4    MM
2017 04 28 09 50 180  6.0  8.0   1.3     8   5.3  90 1019.2  23.7  24.0    MM   MM +0.7    MM
2017 04 28 08 50 170  8.0  9.0   1.3     6   5.2 189 1018.4  23.6  24.0    MM   MM -0.3    MM
2017 04 28 07 50 150  9.0 10.0   1.2     8   5.2  82 1018.0  23.5  24.0    MM   MM +0.0    MM
2017 04 28 06 50 180  7.0  8.0   1.2     8   5.3  80 1018.5  23.4  24.0    MM   MM +0.0    MM
2017 04 28 05 50 170  6.0  8.0   1.2     8   5.2 120 1018.7  23.6  24.0    MM   MM +0.6    MM
2017 04 28 04 50 160  8.0  9.0   1.1     6   5.1 171 1018.1  23.6  24.0    MM   MM +0.0    MM
2017 04 28 03 50 170  6.0  7.0   1.3     6   5.3 163 1018.3  23.7  23.9    MM   MM +0.0    MM
2017 04 28 02 50 160  8.0 10.0   1.2     8   5.2  98 1018.1  23.7  23.7    MM   MM +0.4    MM
2017 04 28 01 50 150  8.0  9.0   1.4     8   5.5 101 1017.9  23.8  23.7    MM   MM +1.0    MM
2017 04 28 00 50 170  6.0  8.0   1.3     6   5.3 180 1018.1  23.7  23.7    MM   MM +1.5    MM
2017 04 27 23 50 170  7.0  8.0   1.3     6   5.3 185 1017.7  23.7  23.7    MM   MM +1.3    MM
2017 04 27 22 50 150  6.0  8.0   1.4     8   5.5 105 1016.9  23.6  23.7    MM   MM -0.0    MM
2017 04 27 21 50 160  7.0  8.0   1.3     8   5.5 102 1016.6  23.6  23.8    MM   MM -1.1    MM
2017 04 27 20 50 150  7.0  8.0   1.4     5   5.4 181 1016.4  23.6  23.8    MM   MM -1.7    MM
2017 04 27 19 50 160  7.0  8.0   1.5     8   5.6 106 1016.9  23.6  23.7    MM   MM -1.1    MM
2017 04 27 18 50 190  5.0  6.0   1.6     8   5.7 103 1017.7  23.8  23.7    MM   MM -0.5    MM
2017 04 27 17 50 180  7.0  8.0   1.6     8   5.6 109 1018.1  23.6  23.7    MM   MM +0.4    MM
2017 04 27 16 50 180  8.0  9.0   1.5     8   5.5 112 1018.0  23.4  23.7    MM   MM +0.9    MM
2017 04 27 15 50 180  7.0  9.0   1.5     8   5.8 111 1018.2  23.5  23.6    MM   MM +1.3    MM
2017 04 27 14 50 180  7.0  8.0   1.6     8   5.9 107 1017.7  23.4  23.6    MM   MM +1.4    MM
2017 04 27 13 50 180  7.0  9.0   1.6     8   5.9 102 1017.1  23.4  23.6    MM   MM +1.6    MM
2017 04 27 12 50 180  8.0  9.0   1.5     8   5.8 113 1016.9  23.4  23.5    MM   MM +1.7    MM
2017 04 27 11 50 180  7.0  8.0   1.5     9   5.9  94 1016.3  23.6  23.6    MM   MM +1.5    MM
2017 04 27 10 50 170  7.0  8.0   1.6     8   6.1 115 1015.5  23.5  23.6    MM   MM +0.9    MM
2017 04 27 09 50 170  6.0  7.0   1.7     9   5.9 113 1015.2  23.4  23.6    MM   MM +0.8    MM
2017 04 27 08 50 180  7.0  8.0   1.7     9   6.1 112 1014.8  23.3  23.7    MM   MM -0.0    MM
2017 04 27 07 50 190  7.0  9.0   1.7     9   5.9 109 1014.6  23.4  23.7    MM   MM -0.9    MM
2017 04 27 06 50 190  8.0 10.0   1.7     9   5.9 106 1014.4  23.2  23.7    MM   MM -0.8    MM
2017 04 27 05 50 190  7.0  9.0   1.6     9   5.9 102 1014.9  23.4  23.7    MM   MM +0.0    MM
2017 04 27 04 50 190  7.0  8.0   1.7     8   6.2 101 1015.5  23.2  23.7    MM   MM +1.0    MM
2017 04 27 03 50 190  7.0  8.0   1.8     6   6.1 221 1015.2  23.4  23.7    MM   MM +1.4    MM
2017 04 27 02 50 200  7.0  8.0   1.8     9   6.3  87 1014.9  23.7  23.7    MM   MM +1.7    MM
2017 04 27 01 50 210  5.0  6.0   1.7     9   6.3  84 1014.5  23.7  23.7    MM   MM +1.9    MM
2017 04 27 00 50 220  6.0  7.0   1.8     8   6.2 124 1013.8  23.6  23.8    MM   MM +1.3    MM
2017 04 26 23 50 230  6.0  7.0   1.8     8   6.4 111 1013.2  23.6  23.8    MM   MM +0.7    MM
2017 04 26 22 50 210  5.0  7.0   1.9     9   6.5  99 1012.6  23.5  23.9    MM   MM +0.0    MM
2017 04 26 21 50 220  5.0  6.0   1.9     7   6.4 245 1012.5  23.1  23.9    MM   MM +0.0    MM
2017 04 26 20 50 260  4.0  5.0   2.0     9   6.1 130 1012.5  22.8  23.9    MM   MM -0.4    MM
2017 04 26 19 50 280  5.0  7.0   2.3     8   6.3 151 1012.5  21.9  23.9    MM   MM -0.4    MM
2017 04 26 18 50 280  8.0 11.0   2.1     8   6.2 142 1012.7  23.1  24.0    MM   MM +0.0    MM
2017 04 26 17 50 240  8.0 10.0   2.2     8   6.1 122 1012.9  23.6  24.0    MM   MM +0.7    MM
2017 04 26 16 50 230  8.0 10.0   2.3     9   6.4 121 1012.9  23.4  24.0    MM   MM +1.2    MM
2017 04 26 15 50 230  9.0 10.0   2.4     8   6.4 125 1012.6  23.3  24.0    MM   MM +1.6    MM
2017 04 26 14 50 220  9.0 11.0   2.3     9   6.4 125 1012.2  23.3  24.0    MM   MM +1.5    MM
2017 04 26 13 50 220  9.0 11.0   2.4     9   6.5 113 1011.7  23.3  24.0    MM   MM +1.8    MM
2017 04 26 12 50 220  9.0 11.0   2.3     9   6.7 112 1011.0  23.0  24.0    MM   MM +1.6    MM
2017 04 26 11 50 220  8.0 10.0   2.4     9   6.5 112 1010.7  22.9  24.0    MM   MM +1.7    MM
2017 04 26 10 50 230  8.0 10.0   2.5     8   6.7 217 1009.9  23.0  24.0    MM   MM +1.2    MM
2017 04 26 09 50 240  7.0  9.0   2.6     9   6.5 144 1009.4  22.9  23.8    MM   MM +0.8    MM
2017 04 26 08 50 250  7.0  9.0   2.7     8   6.4 249 1009.0  22.9  23.7    MM   MM -0.0    MM
2017 04 26 07 50 260  8.0 10.0   2.8     8   6.5 226 1008.7  21.7  23.8    MM   MM -0.6    MM
2017 04 26 06 50 220 11.0 14.0   2.8     8   6.6 212 1008.6  22.2  24.0    MM   MM -0.7    MM
2017 04 26 05 50 220 10.0 12.0   2.9     8   6.6 222 1009.0  22.7  24.1    MM   MM +0.0    MM
2017 04 26 04 50 230 10.0 13.0   2.7     8   6.5 236 1009.3  22.9  24.1    MM   MM +0.8    MM
2017 04 26 03 50 220 10.0 12.0   2.9     8   6.5 239 1009.3  22.8  24.2    MM   MM +1.3    MM
2017 04 26 02 50 230  9.0 11.0   2.6     8   6.3 235 1009.2  22.9  24.2    MM   MM +1.8    MM
2017 04 26 01 50 230 10.0 12.0   2.8     7   6.3 238 1008.5  22.8  24.2    MM   MM +1.6    MM
2017 04 26 00 50 230 10.0 11.0   2.5     9   6.2 122 1008.0  22.8  24.2    MM   MM +1.3    MM
2017 04 25 23 50 230 10.0 12.0   2.5     8   6.2 144 1007.4  22.8  24.1    MM   MM +0.8    MM
2017 04 25 22 50 230  9.0 11.0   2.5     9   6.4 119 1006.9  22.9  24.1    MM   MM +0.3    MM
2017 04 25 21 50 230 10.0 12.0   2.7     7   6.4 224 1006.7  22.9  24.1    MM   MM -0.0    MM
2017 04 25 20 50 240  9.0 11.0   2.6     9   6.5 124 1006.6  22.9  24.1    MM   MM -0.6    MM
2017 04 25 19 50 230  9.0 11.0   2.7    10   6.5 118 1006.6  23.1  24.0    MM   MM -0.4    MM
2017 04 25 18 50 220  9.0 11.0   2.8     9   6.8 122 1006.9  23.1  24.0    MM   MM +0.0    MM
2017 04 25 17 50 230 10.0 12.0   2.7     9   7.0 115 1007.2  23.3  24.0    MM   MM +0.3    MM
2017 04 25 16 50 220 10.0 11.0   2.5    10   6.7 103 1007.0  23.2  24.0    MM   MM +0.5    MM
2017 04 25 15 50 210  9.0 12.0   2.6     9   6.9 107 1007.1  23.2  24.0    MM   MM +0.9    MM
2017 04 25 14 50 190  8.0 10.0   2.7     9   7.0 112 1006.9  22.9  24.0    MM   MM +1.5    MM
2017 04 25 13 50 200  8.0 10.0   2.6    10   7.1 109 1006.5  22.8  23.9    MM   MM +1.7    MM
2017 04 25 12 50 200  7.0  9.0   2.6    10   7.0 108 1006.2  22.2  23.9    MM   MM +2.1    MM
2017 04 25 11 50 190  8.0 10.0   2.5    10   7.0 129 1005.4  21.9  23.9    MM   MM +2.6    MM
2017 04 25 10 50 180  6.0  7.0   2.8    10   7.2 127 1004.8  21.4  23.8    MM   MM +1.7    MM
2017 04 25 09 50 270  8.0 10.0   2.9     9   6.9 136 1004.1  21.0  23.9    MM   MM +0.5    MM
2017 04 25 08 50 180 11.0 14.0   2.9    10   6.8 119 1002.8  23.3  23.9    MM   MM -1.2    MM
2017 04 25 07 50 170 11.0 14.0   3.0    10   7.3 121 1003.1  23.2  24.0    MM   MM -1.3    MM
2017 04 25 06 50 180  9.0 10.0   3.0    10   7.4 111 1003.6  23.1  24.0    MM   MM -0.3    MM
2017 04 25 05 50 190  8.0 10.0   2.9    10   7.1 111 1004.0  23.0  24.0    MM   MM +0.7    MM
2017 04 25 04 50 200 10.0 12.0   3.1     9   7.3 110 1004.4  22.9  24.1    MM   MM +1.8    MM
2017 04 25 03 50 210  9.0 11.0   3.4    11   7.3 110 1003.9  22.9  24.0    MM   MM +1.9    MM
2017 04 25 02 50 210  9.0 11.0   3.3    10   7.4 134 1003.3  23.1  24.0    MM   MM +2.1    MM
2017 04 25 01 50 220 10.0 13.0   3.8    10   7.6 121 1002.6  23.4  24.0    MM   MM +1.5    MM
2017 04 25 00 50 200  9.0 11.0   4.5    10   7.9 114 1002.0  23.2  24.1    MM   MM +0.6    MM
2017 04 24 23 50 190  9.0 10.0   3.9     8   7.3 116 1001.2  23.2  24.0    MM   MM -0.7    MM
2017 04 24 22 50 150  9.0 12.0   3.6     9   7.0 118 1001.1  23.2  24.0    MM   MM -2.1    MM
2017 04 24 21 50 140  9.0 11.0   3.6     9   6.6 138 1001.4  23.5  24.0    MM   MM -5.6    MM
2017 04 24 20 50  70 12.0 17.0   3.3     8   6.3 144 1001.9  21.6  24.0    MM   MM -6.6    MM
2017 04 24 19 50  40 15.0 18.0   2.7     8   6.2 150 1003.2  19.9  24.0    MM   MM -5.6    MM
2017 04 24 18 50  60 11.0 13.0   2.5     7   5.9 136 1007.0  19.3  24.0    MM   MM -2.4    MM
2017 04 24 17 50 100 13.0 15.0   2.3     7   5.8 142 1008.5  19.6  24.0    MM   MM -0.7    MM
2017 04 24 16 50 110 12.0 16.0   2.0     6   5.5 130 1008.8  20.9  24.0    MM   MM -0.5    MM
2017 04 24 15 50 110 13.0 18.0   2.3     6   5.6 132 1009.4  21.6  24.0    MM   MM +0.0    MM
2017 04 24 14 50 120 15.0 19.0   2.2     7   5.5 149 1009.2  21.8  24.0    MM   MM -1.0    MM
2017 04 24 13 50 120 12.0 15.0   2.3     6   5.7 140 1009.3  22.7  24.0    MM   MM -0.9    MM
2017 04 24 12 50 120 13.0 15.0   2.1     6   5.4 142 1009.5  22.5  23.9    MM   MM -0.5    MM
2017 04 24 11 50 130 13.0 16.0   2.1     7   5.5 162 1010.2  22.1  23.9    MM   MM +0.0    MM
2017 04 24 10 50 130 11.0 14.0   2.0     6   5.5 150 1010.2  22.5  23.9    MM   MM -0.5    MM
2017 04 24 09 50 130 11.0 12.0   2.0     7   5.5 172 1010.0  22.5  23.9    MM   MM -1.2    MM
2017 04 24 08 50 130 11.0 14.0   1.9     6   5.6 168 1010.1  22.6  24.0    MM   MM -2.2    MM
2017 04 24 07 50 140 11.0 13.0   1.8     6   5.4 147 1010.7  22.8  24.0    MM   MM -2.5    MM
2017 04 24 06 50 140 10.0 13.0   1.9     6   5.4 147 1011.2  22.8  24.1    MM   MM -2.5    MM
2017 04 24 05 50 140 10.0 12.0   1.6     6   5.2 152 1012.3  22.8  24.1    MM   MM -1.4    MM
2017 04 24 04 50 140 10.0 12.0   1.5     6   5.1 164 1013.2  22.9  24.1    MM   MM -0.7    MM
2017 04 24 03 50 140  9.0 11.0   1.4     5   5.1 147 1013.7  22.8  24.1    MM   MM +0.0    MM
2017 04 24 02 50 140  9.0 11.0   1.4    11   5.1  31 1013.7  22.8  24.1    MM   MM +0.4    MM
2017 04 24 01 50 150  9.0 11.0   1.4     5   5.0 146 1013.9  23.0  24.1    MM   MM +0.7    MM
2017 04 24 00 50 160  9.0 11.0   1.3     5   4.9 154 1013.7  22.9  24.1    MM   MM +0.3    MM
2017 04 23 23 50 160  8.0 10.0   1.2    11   5.3  22 1013.3  22.9  24.0    MM   MM -0.3    MM
2017 04 23 22 50 150  7.0  8.0   1.2    12   5.5  32 1013.2  22.9  24.0    MM   MM -0.5    MM
2017 04 23 21 50 160  7.0  8.0   1.1    12   5.9  25 1013.4  23.1  24.0    MM   MM -0.8    MM
2017 04 23 20 50 140  8.0  9.0   1.2    12   5.6  22 1013.6  21.9  24.0    MM   MM -1.2    MM
2017 04 23 19 50 160  5.0  7.0   1.1    11   5.7  35 1013.7  23.0  24.1    MM   MM -1.6    MM
2017 04 23 18 50 160  5.0  7.0   1.2    12   5.9  49 1014.2  22.9  24.0    MM   MM -1.2    MM
2017 04 23 17 50 170  5.0  6.0   1.2    11   5.9  32 1014.8  22.7  24.0    MM   MM -0.6    MM
2017 04 23 16 50 170  5.0  6.0   1.3    11   6.0  41 1015.3  22.7  23.9    MM   MM +0.0    MM
2017 04 23 15 50 180  5.0  5.0   1.3    11   6.3  20 1015.4  22.7  23.8    MM   MM +0.0    MM
2017 04 23 14 50 180  4.0  5.0   1.3    11   6.3  33 1015.4  22.6  23.9    MM   MM +0.0    MM
2017 04 23 13 50 180  5.0  6.0   1.2    12   5.9  27 1015.4  22.5  24.1    MM   MM +0.6    MM
2017 04 23 12 50 210  4.0  6.0   1.3    12   5.7  37 1015.6  22.4  23.9    MM   MM +1.4    MM
2017 04 23 11 50 210  5.0  6.0   1.4    12   6.1  35 1015.4  22.3  23.1    MM   MM +1.2    MM
2017 04 23 10 50 210  6.0  8.0   1.2    11   5.6  39 1014.8  22.3  23.2    MM   MM +0.5    MM
2017 04 23 09 50 200  7.0  8.0   1.3    11   5.8  53 1014.2  22.3  23.6    MM   MM -0.5    MM
2017 04 23 08 50 210  7.0  9.0   1.5    12   6.2  28 1014.2  22.3  24.0    MM   MM -0.8    MM
2017 04 23 07 50 200  7.0  8.0   1.4    13   5.9  52 1014.3  22.4  24.2    MM   MM -0.9    MM
2017 04 23 06 50 200  8.0  9.0   1.4    11   5.6  40 1014.7  22.3  24.3    MM   MM -0.7    MM
2017 04 23 05 50 190  7.0  9.0   1.4    12   6.0  31 1015.0  22.3  24.3    MM   MM -0.4    MM
2017 04 23 04 50 180  8.0 10.0   1.3    12   5.5  47 1015.2  22.3  24.3    MM   MM -0.6    MM
2017 04 23 03 50 180  7.0  8.0   1.3    13   6.2  26 1015.4  22.4  24.1    MM   MM -0.3    MM
2017 04 23 02 50 170  8.0  9.0   1.4    14   6.4  21 1015.4  22.3  24.1    MM   MM +0.0    MM
2017 04 23 01 50 180  7.0  9.0   1.3    12   6.0  33 1015.8  22.4  24.1    MM   MM +0.3    MM
2017 04 23 00 50 190  6.0  8.0   1.3    13   6.5  24 1015.7  22.4  23.9    MM   MM -0.0    MM
2017 04 22 23 50 190  6.0  8.0   1.3    12   6.4  31 1015.4  22.3  23.8    MM   MM -0.4    MM
2017 04 22 22 50 190  6.0  8.0   1.3    13   6.3  47 1015.5  22.4  23.7    MM   MM -0.7    MM
2017 04 22 21 50 190  6.0  7.0   1.2    12   6.2  26 1015.6  22.5  23.5    MM   MM -0.9    MM
2017 04 22 20 50 190  5.0  7.0   1.2    13   6.2  30 1015.8  22.7  23.4    MM   MM -1.2    MM
2017 04 22 19 50 210  5.0  7.0   1.2    12   6.0  67 1016.2  22.5  23.3    MM   MM -1.0    MM
2017 04 22 18 50 210  6.0  7.0   1.2    11   5.7  34 1016.5  22.5  23.5    MM   MM -1.0    MM
2017 04 22 17 50 200  6.0  7.0   1.2    13   5.9  44 1017.0  22.5  23.5    MM   MM -0.6    MM
2017 04 22 16 50 190  6.0  7.0   1.1    12   5.6  28 1017.2  22.5  23.5    MM   MM -0.3    MM
2017 04 22 15 50 190  6.0  8.0   1.1    10   5.5  36 1017.5  22.5  23.5    MM   MM +0.3    MM
2017 04 22 14 50 190  6.0  7.0   1.2    12   5.7  44 1017.6  22.5  23.5    MM   MM +0.0    MM
2017 04 22 13 50 190  6.0  7.0   1.0    13   5.3  16 1017.5  22.5  23.4    MM   MM +0.7    MM
2017 04 22 12 50 200  6.0  7.0   1.1    11   5.4  47 1017.2  22.5  23.3    MM   MM +0.9    MM
2017 04 22 11 50 210  6.0  7.0   1.1    11   5.3  56 1017.4  22.5  23.3    MM   MM +1.5    MM
2017 04 22 10 50 210  7.0  8.0   1.2    11   5.5  48 1016.8  22.4  23.3    MM   MM +0.9    MM
2017 04 22 09 50 210  6.0  8.0   1.1    11   5.5  43 1016.3  22.3  23.3    MM   MM -0.0    MM
2017 04 22 08 50 210  6.0  7.0   1.1    10   5.3  39 1015.9  22.4  23.3    MM   MM -1.0    MM
2017 04 22 07 50 200  7.0  8.0   1.1    12   5.2  41 1015.9  22.4  23.3    MM   MM -1.6    MM
2017 04 22 06 50 210  7.0  8.0   1.2    10   5.3  47 1016.4  22.5  23.3    MM   MM -1.2    MM
2017 04 22 05 50 210  7.0  8.0   1.1    11   5.2  43 1016.9  22.5  23.4    MM   MM -0.7    MM
2017 04 22 04 50 210  7.0  8.0   1.1    11   5.5  50 1017.5  22.6  23.4    MM   MM +0.0    MM
2017 04 22 03 50 210  7.0  8.0   1.1    11   5.6  37 1017.6  22.8  23.5    MM   MM +0.3    MM
2017 04 22 02 50 210  6.0  7.0   1.0    10   5.5  47 1017.6  23.0  23.6    MM   MM +0.4    MM
2017 04 22 01 50 220  4.0  5.0   1.0    11   6.1  50 1017.5  23.0  23.7    MM   MM +0.7    MM
2017 04 22 00 50 230  4.0  5.0   1.0    10   5.7  38 1017.3  23.0  23.9    MM   MM -0.0    MM
2017 04 21 23 50 230  5.0  6.0   1.1    10   5.8  51 1017.2  23.0  24.1    MM   MM -0.0    MM
2017 04 21 22 50 230  5.0  6.0   1.0     9   5.7  66 1016.8  23.2  24.3    MM   MM -0.3    MM
2017 04 21 21 50 240  5.0  6.0   1.0    10   5.6  79 1017.1  23.3  24.5    MM   MM -0.8    MM
2017 04 21 20 50 240  5.0  6.0   1.1     9   5.8  70 1017.1  23.2  24.5    MM   MM -1.2    MM
2017 04 21 19 50 250  5.0  6.0   1.0    10   5.2  76 1017.1  23.1  24.6    MM   MM -1.5    MM
2017 04 21 18 50 250  5.0  6.0   1.1    10   5.7  73 1017.9  23.0  24.4    MM   MM -1.2    MM
2017 04 21 17 50 240  6.0  7.0   1.2     9   5.7  64 1018.3  23.0  24.3    MM   MM -0.8    MM
2017 04 21 16 50 250  6.0  7.0   1.1     9   5.7  57 1018.6  22.9  24.1    MM   MM -0.6    MM
2017 04 21 15 50 250  6.0  7.0   1.1     9   5.5  66 1019.1  22.9  24.1    MM   MM +0.0    MM
2017 04 21 14 50 240  6.0  7.0   1.1     9   5.8  44 1019.1  22.8  23.8    MM   MM +0.0    MM
2017 04 21 13 50 230  5.0  7.0   1.2    10   5.7  58 1019.2  22.7  24.0    MM   MM +0.3    MM
2017 04 21 12 50 240  5.0  6.0   1.1     9   5.5  53 1019.3  22.7  23.9    MM   MM +0.8    MM
2017 04 21 11 50 250  4.0  6.0   1.2    10   6.0  58 1019.3  22.7  23.8    MM   MM +1.0    MM
2017 04 21 10 50 240  5.0  6.0   1.0    11   5.4  46 1018.9  22.4  23.9    MM   MM -0.0    MM
2017 04 21 09 50 260  5.0  7.0   1.1    10   5.3  76 1018.5  22.4  23.8    MM   MM -0.5    MM
2017 04 21 08 50 200  6.0  7.0   1.1    10   5.7  21 1018.3  21.9  23.8    MM   MM -1.2    MM
2017 04 21 07 50 190  6.0  7.0   1.1     9   6.0  39 1018.8  21.7  23.8    MM   MM -1.6    MM
2017 04 21 06 50 170  6.0  7.0   1.2    11   6.1  27 1019.0  21.0  23.6    MM   MM -1.8    MM
2017 04 21 05 50 160  7.0  8.0   1.2    10   6.4  41 1019.5  21.2  23.8    MM   MM -1.2    MM
2017 04 21 04 50 170  5.0  6.0   1.1    11   6.2  15 1020.4  21.1  23.7    MM   MM -0.3    MM
2017 04 21 03 50 180  5.0  6.0   1.2     9   6.5  45 1020.8  20.9  23.7    MM   MM +0.0    MM
2017 04 21 02 50 180  4.0  5.0   1.2    10   6.6  42 1020.7  21.2  23.7    MM   MM +0.7    MM
2017 04 21 01 50 170  4.0  5.0   1.2     9   6.6  41 1020.7  20.8  23.7    MM   MM +1.1    MM
2017 04 21 00 50 100  1.0  2.0   1.2     9   6.4  59 1020.6  20.3  23.7    MM   MM +0.5    MM
2017 04 20 23 50 290  3.0  4.0   1.1     9   6.0  61 1020.0  20.5  23.8    MM   MM -0.3    MM
2017 04 20 22 50 180  6.0  7.0   1.2     8   6.4  31 1019.6  21.9  23.7    MM   MM -1.3    MM
2017 04 20 21 50 170  5.0  6.0   1.2     8   6.5  31 1020.1  22.0  23.8    MM   MM -1.6    MM
2017 04 20 20 50 170  4.0  5.0   1.2     7   6.4 131 1020.3  22.0  23.9    MM   MM -1.8    MM
2017 04 20 19 50 160  4.0  5.0   1.1    10   6.3  50 1020.9  21.9  23.9    MM   MM -1.7    MM
2017 04 20 18 50 160  4.0  5.0   1.2     8   6.3  13 1021.7  21.7  23.8    MM   MM -1.5    MM
2017 04 20 17 50 180  4.0  5.0   1.1     8   6.3  29 1022.1  21.6  23.7    MM   MM -1.3    MM
2017 04 20 16 50 170  3.0  4.0   1.1     8   6.1  88 1022.6  21.6  23.8    MM   MM -0.7    MM
2017 04 20 15 50 160  3.0  4.0   1.2     8   6.0  15 1023.2  21.7  23.9    MM   MM +0.0    MM
2017 04 20 14 50 180  3.0  4.0   1.1     9   5.8  17 1023.4  21.7  23.8    MM   MM +0.0    MM
2017 04 20 13 50 190  4.0  5.0   1.2     8   5.8   3 1023.3  21.3  24.0    MM   MM +0.0    MM
2017 04 20 12 50 150  4.0  6.0   1.2     8   6.0  15 1023.3  21.3  24.1    MM   MM +0.4    MM
2017 04 20 11 50 150  4.0  5.0   1.2     7   5.8   6 1023.3  21.4  24.2    MM   MM +0.6    MM
2017 04 20 10 50 170  3.0  4.0   1.2     7   5.6  28 1023.2  21.3  24.2    MM   MM +0.6    MM
2017 04 20 09 50 130  4.0  5.0   1.3     7   5.8 147 1022.9  21.2  24.5    MM   MM -0.0    MM
2017 04 20 08 50 120  4.0  5.0   1.2     7   5.8  50 1022.7  21.2  24.6    MM   MM -1.0    MM
2017 04 20 07 50 120  5.0  6.0   1.2     7   5.7  40 1022.6  21.0  24.6    MM   MM -1.9    MM
2017 04 20 06 50 120  5.0  7.0   1.2     7   5.8  56 1022.9  21.1  24.7    MM   MM -1.9    MM
2017 04 20 05 50 110  6.0  7.0   1.3     8   5.7  10 1023.7  20.5  24.8    MM   MM -1.3    MM
2017 04 20 04 50 100  6.0  7.0   1.2     7   6.0  21 1024.5  20.6  24.8    MM   MM -0.4    MM
2017 04 20 03 50 140  5.0  6.0   1.3     8   6.4 359 1024.8  21.1  24.7    MM   MM +0.4    MM
2017 04 20 02 50 110  5.0  6.0   1.5     7   6.6  29 1025.0  20.2  24.6    MM   MM +1.1    MM
2017 04 20 01 50 100  5.0  6.0   1.3     7   6.2  21 1024.9  20.6  24.4    MM   MM +1.0    MM
2017 04 20 00 50 330  2.0  2.0   1.2     8   6.2  33 1024.4  21.3  23.5    MM   MM +0.5    MM
2017 04 19 23 50 330  3.0  3.0   1.4     7   6.4  63 1023.9  21.0  23.7    MM   MM +0.0    MM
2017 04 19 22 50 320  3.0  4.0   1.4     7   6.5  45 1023.9  21.1  23.8    MM   MM +0.0    MM
2017 04 19 21 50 270  2.0  3.0   1.4     7   6.3  38 1023.9  22.1  23.9    MM   MM -0.5    MM
2017 04 19 20 50 240  4.0  5.0   1.5     8   6.4  17 1023.8  21.5  24.0    MM   MM -0.8    MM
2017 04 19 19 50 230  5.0  6.0   1.4    12   6.5  62 1023.9  21.5  24.1    MM   MM -1.1    MM
2017 04 19 18 50 230  5.0  6.0   1.4     8   6.5  28 1024.4  21.3  24.4    MM   MM -1.0    MM
2017 04 19 17 50 210  5.0  6.0   1.5     8   6.5   5 1024.6  21.1  24.6    MM   MM -0.8    MM
2017 04 19 16 50 200  4.0  5.0   1.5     8   6.8   6 1025.0  21.1  24.6    MM   MM +0.0    MM
2017 04 19 15 50 160  4.0  5.0   1.6     7   6.7 347 1025.4  20.9  24.7    MM   MM +0.4    MM
2017 04 19 14 50 150  4.0  5.0   1.4     8   6.8   6 1025.4  20.6  24.9    MM   MM +0.8    MM
2017 04 19 13 50 130  5.0  6.0   1.4     7   6.7  14 1025.2  20.3  24.9    MM   MM +1.3    MM
2017 04 19 12 50 100  2.0  4.0   1.3     7   6.7  10 1025.0  21.8  25.0    MM   MM +1.5    MM
2017 04 19 11 50 250  4.0  5.0   1.3    12   6.7  79 1024.6  21.8  25.1    MM   MM +1.2    MM
2017 04 19 10 50 250  5.0  6.0   1.2    12   6.6  80 1023.9  22.0  25.1    MM   MM +0.6    MM
2017 04 19 09 50 250  4.0  6.0   1.1    12   6.4  72 1023.5  22.3  25.1    MM   MM +0.0    MM
2017 04 19 08 50 180  4.0  5.0   1.1    12   6.6  51 1023.4  22.5  25.1    MM   MM -0.3    MM
2017 04 19 07 50 180  5.0  7.0   1.0    12   6.3  67 1023.3  22.7  25.1    MM   MM -0.6    MM
2017 04 19 06 50 180  5.0  6.0   1.0    12   6.2  74 1023.5  22.7  25.1    MM   MM -0.3    MM
2017 04 19 05 50 190  4.0  5.0   1.1    12   6.9  57 1023.7  22.8  25.1    MM   MM +0.0    MM
2017 04 19 04 50 190  5.0  6.0   1.1    13   6.5  77 1023.9  22.7  25.1    MM   MM +0.0    MM
2017 04 19 03 50 190  4.0  5.0   1.1    12   6.9  84 1023.8  22.8  25.1    MM   MM +0.5    MM
2017 04 19 02 50 200  4.0  5.0   1.1    12   6.9  99 1023.8  22.7  25.2    MM   MM +1.0    MM
2017 04 19 01 50  MM  0.0  1.0   1.1    12   6.9 113 1023.7  23.1  25.2    MM   MM +1.1    MM
2017 04 19 00 50 340  2.0  3.0   1.0    13   6.5 106 1023.3  23.1  25.2    MM   MM +0.6    MM
2017 04 18 23 50 340  3.0  4.0   1.0    13   6.4  95 1022.8  23.1  25.2    MM   MM +0.3    MM
2017 04 18 22 50 240  4.0  6.0   0.9    13   5.7  75 1022.6  23.1  25.2    MM   MM +0.0    MM
2017 04 18 21 50 240  3.0  5.0   1.0    13   5.7  27 1022.7  23.1  25.2    MM   MM -0.4    MM
2017 04 18 20 50 240  4.0  6.0   1.0    11   5.6  45 1022.5  23.2  25.2    MM   MM -0.7    MM
2017 04 18 19 50 220  5.0  7.0   1.0    11   5.6  37 1022.7  23.1  25.2    MM   MM -0.4    MM
2017 04 18 18 50 230  5.0  6.0   1.0    12   5.5  31 1023.1  23.0  25.2    MM   MM +0.0    MM
2017 04 18 17 50 220  5.0  6.0   1.0    11   5.7  56 1023.2  22.9  25.1    MM   MM +0.0    MM
2017 04 18 16 50 210  5.0  7.0   0.9     5   5.4 195 1023.1  22.9  25.1    MM   MM +0.0    MM
2017 04 18 15 50 230  4.0  6.0   0.9     5   5.2 198 1023.3  22.7  25.0    MM   MM +0.6    MM
2017 04 18 14 50 200  5.0  6.0   1.0     5   5.2 196 1023.2  22.7  24.7    MM   MM +0.7    MM
2017 04 18 13 50 210  4.0  6.0   0.9     5   5.4 192 1022.9  22.5  24.4    MM   MM +1.1    MM
2017 04 18 12 50 190  5.0  6.0   0.9     5   5.4 200 1022.7  22.4  24.0    MM   MM +1.1    MM
2017 04 18 11 50 200  4.0  5.0   0.9     5   5.3 192 1022.5  22.4  23.8    MM   MM +1.3    MM
2017 04 18 10 50 200  5.0  6.0   1.0    11   5.4  28 1021.8  22.2  23.7    MM   MM +1.0    MM
2017 04 18 09 50 200  5.0  6.0   1.0    11   5.4  41 1021.6  22.3  23.8    MM   MM +0.9    MM
2017 04 18 08 50 210  5.0  7.0   0.9    12   5.5  13 1021.2  22.1  23.3    MM   MM +0.3    MM
2017 04 18 07 50 190  5.0  7.0   1.0    11   5.7  55 1020.8  22.1  22.8    MM   MM -0.6    MM
2017 04 18 06 50 200  5.0  6.0   1.0    12   5.5  33 1020.7  22.1  22.9    MM   MM -0.7    MM
2017 04 18 05 50 200  6.0  7.0   1.0    12   5.7  87 1020.9  22.0  22.8    MM   MM -0.6    MM
2017 04 18 04 50 240  3.0  5.0   1.0    11   5.8  86 1021.4  22.0  22.9    MM   MM +0.0    MM
2017 04 18 03 50 210  5.0  6.0   1.0    12   5.8  71 1021.4  21.9  22.9    MM   MM +0.0    MM
2017 04 18 02 50 230  3.0  4.0   1.1    12   5.9  52 1021.5  21.9  22.9    MM   MM +0.7    MM
2017 04 18 01 50 200  4.0  5.0   1.1     8   5.7 108 1021.2  22.0  22.9    MM   MM +0.7    MM
2017 04 18 00 50 210  4.0  5.0   1.1    10   5.8  60 1021.3  22.0  22.9    MM   MM +0.9    MM
